# distance_x[ps] 	  Amplitude [V]
7.250000000000001776e+00	-3.245254816490817978e-07
7.200000000000001066e+00	-1.005269423000812463e-07
7.150000000000000355e+00	3.101206055949188824e-07
7.099999999999999645e+00	5.302677515256952664e-08
7.050000000000000711e+00	4.102295794817635904e-07
7.000000000000001776e+00	4.983314128141898564e-07
6.950000000000001066e+00	2.238504832261797018e-07
6.900000000000000355e+00	-1.365508257040962070e-07
6.850000000000001421e+00	1.080827280454625298e-07
6.800000000000000711e+00	2.229137908671932969e-07
6.750000000000000000e+00	-5.660808044175224471e-08
6.700000000000001066e+00	1.847012440893649594e-07
6.650000000000002132e+00	-8.665485728172249797e-08
6.600000000000001421e+00	-6.658481238546749221e-08
6.550000000000000711e+00	-3.337061921343529702e-07
6.500000000000000000e+00	3.330346644228889176e-07
6.450000000000001066e+00	-1.536831346811497735e-07
6.400000000000002132e+00	-1.111203403040490617e-07
6.349999999999999645e+00	-5.340394900464872187e-08
6.300000000000000711e+00	-1.373505397736795156e-07
6.250000000000001776e+00	1.446923299116107245e-07
6.200000000000001066e+00	-6.070040794488019381e-07
6.150000000000000355e+00	-1.125620411959825283e-07
6.099999999999999645e+00	-2.459822360085086522e-07
6.050000000000001599e+00	2.743553808092761353e-07
6.000000000000001776e+00	-1.870340951362342444e-07
5.950000000000000178e+00	8.002802699579777592e-08
5.900000000000000355e+00	-1.890720648078416405e-07
5.850000000000001421e+00	-3.427200317638558017e-08
5.800000000000000711e+00	-8.842344217879125031e-08
5.750000000000000000e+00	-1.429708697662236398e-07
5.700000000000001066e+00	-3.586476703163897457e-07
5.650000000000000355e+00	-3.221834869936772037e-07
5.600000000000001421e+00	-3.737981021434271584e-07
5.550000000000000711e+00	-3.574779917783800934e-07
5.500000000000000888e+00	-7.866070584252606428e-08
5.450000000000001066e+00	-5.033018432462283771e-07
5.400000000000000355e+00	-3.476874729392577358e-08
5.350000000000001421e+00	-1.365828283339695642e-07
5.300000000000000711e+00	-3.545363874094137126e-07
5.250000000000000888e+00	8.515970144758290664e-08
5.200000000000001066e+00	-6.220801315371775695e-08
5.150000000000000355e+00	-1.769750707157017037e-07
5.100000000000001421e+00	-5.791549337525546760e-07
5.050000000000000711e+00	-2.862918342361720957e-07
5.000000000000000888e+00	-9.824666700228963854e-08
4.950000000000001066e+00	-2.318360185727178842e-07
4.900000000000000355e+00	-2.419694227319121798e-07
4.850000000000001421e+00	2.076773739521993574e-07
4.800000000000000711e+00	3.814817225696763481e-07
4.750000000000000888e+00	-6.186038019075245640e-08
4.700000000000001066e+00	-3.556978015320165296e-07
4.650000000000000355e+00	-3.674628122988764945e-07
4.600000000000001421e+00	2.559700457856415605e-08
4.550000000000000711e+00	-1.767675811374017412e-07
4.500000000000000888e+00	6.906413700752658544e-09
4.450000000000001066e+00	-8.510466395774571395e-08
4.400000000000000355e+00	-1.121194553751511396e-07
4.350000000000001421e+00	1.546472578657419207e-07
4.300000000000000711e+00	-2.669133626547084707e-07
4.250000000000000888e+00	-1.891624458614401137e-07
4.200000000000001066e+00	-3.110219543901439935e-07
4.150000000000001243e+00	-3.183440506019992902e-07
4.100000000000001421e+00	1.608712418602384415e-08
4.050000000000000711e+00	-1.209720509849072817e-07
4.000000000000000000e+00	1.065720984122633310e-07
3.950000000000000622e+00	-8.188312449670009965e-08
3.900000000000000799e+00	3.711225416151115774e-07
3.850000000000000533e+00	1.860386726762714133e-07
3.800000000000000711e+00	3.179093775193234000e-07
3.750000000000000888e+00	1.180580532801723512e-08
3.700000000000001066e+00	-7.499464633576657727e-08
3.650000000000000355e+00	-5.181811319124705025e-07
3.600000000000000533e+00	-6.135037784083616523e-07
3.550000000000000711e+00	-2.137276293845260886e-07
3.500000000000000888e+00	-5.193182803047296072e-07
3.450000000000000622e+00	-8.239829650221132834e-07
3.400000000000000355e+00	-4.504269926662446021e-07
3.350000000000000977e+00	-4.867531426677999319e-07
3.300000000000000711e+00	2.523212184641985099e-07
3.250000000000000444e+00	4.381446646626400775e-07
3.200000000000000622e+00	-1.870736588270118164e-07
3.150000000000000799e+00	5.582862298184703981e-07
3.100000000000000977e+00	6.645492039267919244e-07
3.050000000000000711e+00	3.477586875826573283e-07
3.000000000000000444e+00	8.042248578478108683e-07
2.950000000000000622e+00	4.978640337471380151e-07
2.900000000000001243e+00	2.618982692117477581e-07
2.850000000000000533e+00	1.525213688812955668e-07
2.800000000000000711e+00	-2.471860272398998140e-07
2.750000000000000888e+00	-5.681905162484064144e-07
2.700000000000001066e+00	-5.509022384103765128e-07
2.650000000000000355e+00	-4.250575232693077037e-07
2.600000000000000533e+00	-6.050958786829449454e-08
2.550000000000000711e+00	2.187458879227489635e-07
2.500000000000000888e+00	2.481415343318337893e-07
2.450000000000000622e+00	1.795451280686105672e-07
2.400000000000000799e+00	-1.211394493565526937e-07
2.350000000000000977e+00	7.052957611392652111e-08
2.300000000000000266e+00	-2.658563966757583613e-07
2.250000000000000444e+00	-3.032824172809292033e-07
2.200000000000000622e+00	-3.029836674559023994e-07
2.150000000000000799e+00	4.032440383994559070e-07
2.100000000000000089e+00	1.967709831945247693e-07
2.050000000000000266e+00	2.940299646363813804e-07
2.000000000000000444e+00	1.660723725691664153e-07
1.950000000000000844e+00	-2.794919787425802639e-08
1.900000000000000355e+00	-1.987526845059152282e-07
1.850000000000000533e+00	-6.671656826768798748e-07
1.800000000000000711e+00	-3.265333829156982413e-07
1.750000000000000888e+00	-8.381974078446670705e-07
1.700000000000000178e+00	-1.103634253559557759e-06
1.650000000000000355e+00	-8.226569659458759065e-07
1.600000000000000533e+00	-1.017674310526514407e-06
1.550000000000000711e+00	-5.663290885569796865e-07
1.500000000000000444e+00	-3.927784750763559183e-07
1.450000000000000400e+00	-4.879054131818675721e-07
1.400000000000000577e+00	-4.176300997206713049e-07
1.350000000000000977e+00	-7.100548335432386953e-07
1.300000000000000266e+00	-7.427296944825916576e-07
1.250000000000000444e+00	-5.782189447480709445e-07
1.200000000000000622e+00	-5.927766245679480591e-07
1.150000000000000799e+00	-5.716227103830141800e-07
1.100000000000000311e+00	-7.076242162204924966e-07
1.050000000000000266e+00	1.798329758988453521e-07
1.000000000000000666e+00	7.878308952599790799e-08
9.500000000000008438e-01	4.125386923141664063e-07
9.000000000000001332e-01	4.862340670447985301e-07
8.500000000000005329e-01	4.412083010378269521e-07
8.000000000000004885e-01	3.330696563093987688e-07
7.500000000000002220e-01	7.789721452983243079e-08
7.000000000000001776e-01	-7.354450518980056747e-09
6.500000000000003553e-01	-9.220678604887792142e-08
6.000000000000007550e-01	-2.417104124362886427e-07
5.500000000000007105e-01	2.236006165390913415e-07
5.000000000000011102e-01	-9.194707239875159187e-08
4.499999999999997335e-01	6.538612047422093707e-08
3.999999999999999112e-01	3.190623513878937135e-07
3.499999999999998668e-01	-6.830468998322345597e-08
3.000000000000002665e-01	-9.997586404720657984e-08
2.500000000000004441e-01	-5.518097415575004391e-08
2.000000000000010658e-01	2.085446100540430251e-08
1.500000000000007994e-01	5.142657332344996867e-07
1.000000000000009770e-01	1.118182262255022533e-06
4.999999999999937828e-02	1.554012714765115360e-06
0.000000000000000000e+00	1.971967060911536489e-06
-4.999999999999982236e-02	1.925916683232739363e-06
-9.999999999999964473e-02	1.885541497197697979e-06
-1.499999999999999112e-01	1.098991762164408627e-06
-1.999999999999992895e-01	2.722766165765114889e-07
-2.499999999999991118e-01	2.772440577519134361e-07
-2.999999999999984901e-01	-2.376214610347736527e-07
-3.500000000000000888e-01	-8.668415199676042257e-07
-3.999999999999999112e-01	-9.840333921776869986e-07
-4.500000000000001776e-01	-6.982708322048055975e-07
-4.999999999999995559e-01	-9.504861958163458414e-07
-5.499999999999993783e-01	-8.460756816295416932e-07
-5.999999999999992006e-01	-4.520422462817221635e-07
-6.499999999999994671e-01	-3.013518850096110617e-07
-6.999999999999988454e-01	-2.568828240915357618e-07
-7.500000000000000000e-01	-3.725805954992330725e-07
-7.999999999999998224e-01	1.345075808737184697e-07
-8.500000000000000888e-01	-1.256936697616114786e-07
-8.999999999999999112e-01	-3.337030270390907814e-07
-9.499999999999997335e-01	-2.416086018720210660e-07
-9.999999999999991118e-01	-2.635951119495400320e-07
-1.049999999999998934e+00	-4.269643173261594027e-07
-1.100000000000000533e+00	-3.174731218890164154e-08
-1.149999999999999911e+00	-2.832014703898822050e-07
-1.200000000000000178e+00	-5.076434747528425266e-07
-1.249999999999999556e+00	-4.244957188602666734e-07
-1.299999999999999378e+00	-1.634184401918092039e-07
-1.349999999999999201e+00	-8.422895243414441435e-07
-1.399999999999999023e+00	-2.357552857004536151e-07
-1.449999999999998401e+00	-3.150556924631960563e-07
-1.500000000000000444e+00	-1.578719624220497503e-07
-1.550000000000000711e+00	-2.182370109400369867e-07
-1.599999999999999201e+00	2.271574802593048378e-07
-1.649999999999999911e+00	-9.577928182291416365e-07
-1.700000000000000178e+00	3.962572664467684393e-07
-1.749999999999999556e+00	-2.272606975325777346e-07
-1.800000000000000266e+00	-2.516593618771467450e-07
-1.849999999999998312e+00	-1.142365524283135871e-07
-1.900000000000000799e+00	-3.907923777993235657e-07
-1.950000000000000622e+00	-1.432196814215579371e-07
-1.999999999999999556e+00	-6.414364474518057139e-08
-2.050000000000000266e+00	-8.919590126139449820e-09
-2.099999999999999201e+00	1.946596888160097341e-07
-2.149999999999999911e+00	-5.347018741494160415e-07
-2.199999999999998845e+00	-2.119666055483614584e-07
-2.249999999999998668e+00	6.953274694495823745e-08
-2.300000000000000266e+00	-3.997620819337812501e-08
-2.350000000000000089e+00	-1.728840092506786407e-07
-2.399999999999999911e+00	2.069901966030499232e-08
-2.449999999999999734e+00	-1.064790797792796872e-07
-2.499999999999999556e+00	-2.998321117678765405e-07
-2.550000000000000266e+00	-6.335518434764067135e-08
-2.599999999999998312e+00	-1.231974646314873386e-07
-2.650000000000000799e+00	1.506513250972106142e-07
-2.700000000000000622e+00	-3.454696203535818142e-07
-2.750000000000000444e+00	4.967750651383143631e-07
