# distance_x[ps] 	  Amplitude [V]
-1.760000000000000142e+01	-9.342130343643549743e-07
-1.755000000000000426e+01	-5.679139220902149322e-07
-1.750000000000000000e+01	-6.362611650208525733e-07
-1.745000000000000284e+01	-1.355803547451170465e-06
-1.740000000000000568e+01	-2.011153753675620757e-06
-1.735000000000000142e+01	-5.318070428548800314e-07
-1.730000000000000426e+01	-1.607152729992621594e-07
-1.725000000000000000e+01	-8.763310030795658264e-07
-1.720000000000000284e+01	-9.470568150997489808e-07
-1.714999999999999858e+01	-8.613460353992914739e-07
-1.710000000000000142e+01	-6.426247648841372682e-07
-1.705000000000000426e+01	7.692990866611546968e-07
-1.700000000000000000e+01	1.412284672405183185e-06
-1.695000000000000284e+01	5.012993929770079167e-07
-1.689999999999999858e+01	9.428071471943642931e-07
-1.685000000000000142e+01	-3.946743671384155982e-07
-1.680000000000000426e+01	2.042664562912986777e-08
-1.675000000000000000e+01	-1.280875368115910634e-07
-1.670000000000000284e+01	-4.817763820452370336e-07
-1.665000000000000568e+01	-6.413399120463086107e-07
-1.660000000000000142e+01	3.238374251068039690e-07
-1.655000000000000426e+01	-8.637866755237012442e-07
-1.650000000000000000e+01	-6.437230529401218184e-07
-1.645000000000000284e+01	-1.486520399232523426e-07
-1.639999999999999858e+01	-2.983142727510245827e-07
-1.635000000000000142e+01	-1.363278974944617177e-06
-1.630000000000000426e+01	-1.112024745261032243e-06
-1.625000000000000000e+01	-6.626091763696871634e-07
-1.620000000000000284e+01	-2.333607152959718334e-08
-1.614999999999999858e+01	-1.909486146210766920e-07
-1.610000000000000142e+01	9.919255572139902137e-07
-1.605000000000000426e+01	9.203293439967013748e-07
-1.600000000000000000e+01	1.383604161686730832e-06
-1.595000000000000462e+01	5.971112225295350517e-07
-1.590000000000000391e+01	2.710939259802018374e-08
-1.585000000000000320e+01	9.368001480639545660e-07
-1.580000000000000249e+01	8.569412778260589516e-07
-1.575000000000000178e+01	3.493869532564351405e-07
-1.570000000000000462e+01	1.184182411210110828e-06
-1.565000000000000036e+01	-2.922135516331283400e-07
-1.559999999999999964e+01	-2.847905240501338612e-07
-1.555000000000000249e+01	2.464355479855062857e-07
-1.549999999999999822e+01	2.891718950861511187e-08
-1.545000000000000107e+01	-8.139569982632311387e-10
-1.540000000000000036e+01	-1.705527407514404767e-07
-1.534999999999999964e+01	-1.473807618273259686e-06
-1.530000000000000249e+01	2.201300895840857616e-07
-1.525000000000000178e+01	5.201179943743129159e-07
-1.520000000000000462e+01	1.395734916795000835e-06
-1.515000000000000391e+01	1.619413957361144436e-07
-1.510000000000000320e+01	1.944675499497314165e-06
-1.505000000000000249e+01	6.229225743928006655e-07
-1.499999999999999822e+01	1.501206968765022787e-06
-1.495000000000000107e+01	1.743677707418743073e-06
-1.490000000000000036e+01	6.227421639628550027e-07
-1.484999999999999964e+01	-5.510782528746802026e-08
-1.480000000000000249e+01	3.340511875179330869e-07
-1.474999999999999822e+01	-5.938174133933358348e-07
-1.470000000000000107e+01	-1.084797189106556368e-06
-1.465000000000000036e+01	4.654276099842044421e-07
-1.459999999999999964e+01	-6.156959585546885678e-07
-1.455000000000000249e+01	3.610010944824633638e-07
-1.450000000000000178e+01	3.066055914676167259e-07
-1.445000000000000462e+01	4.722573580441615118e-07
-1.440000000000000391e+01	-2.506011650278168513e-07
-1.435000000000000320e+01	-4.817120251082388237e-07
-1.430000000000000249e+01	1.709800989472881354e-06
-1.425000000000000178e+01	7.722435044481320356e-07
-1.420000000000000462e+01	4.346975242448496564e-07
-1.415000000000000391e+01	5.519723922862525414e-07
-1.409999999999999964e+01	-5.363763853817480135e-08
-1.405000000000000249e+01	1.502576224143178148e-08
-1.399999999999999822e+01	1.250782697394637703e-06
-1.395000000000000107e+01	7.044102378203511500e-07
-1.390000000000000036e+01	-1.808253211828588497e-06
-1.384999999999999964e+01	-1.253620732813079824e-06
-1.380000000000000249e+01	-6.573581074910667359e-07
-1.374999999999999822e+01	-9.203379600893595996e-07
-1.370000000000000462e+01	-1.017835378707635494e-06
-1.365000000000000391e+01	-2.046739623063071851e-06
-1.360000000000000320e+01	-8.756454082780476718e-07
-1.355000000000000071e+01	1.433079524116483110e-07
-1.349999999999999822e+01	-7.097154649956803888e-07
-1.345000000000000107e+01	1.993083345630575227e-07
-1.340000000000000213e+01	-1.168447315952694072e-06
-1.334999999999999964e+01	-8.985476859180973464e-07
-1.330000000000000071e+01	-1.109871249612354372e-06
-1.324999999999999822e+01	-1.352472812203578886e-06
-1.320000000000000107e+01	-1.375211208244496886e-06
-1.315000000000000213e+01	-1.106995057212140370e-06
-1.309999999999999964e+01	-3.992597109802193457e-07
-1.305000000000000071e+01	-2.939394077441572653e-07
-1.299999999999999822e+01	-1.025850806620538934e-06
-1.295000000000000107e+01	-1.073423770959081434e-06
-1.290000000000000391e+01	3.153743120529244937e-07
-1.285000000000000320e+01	-7.667330735966364697e-07
-1.280000000000000426e+01	-4.209996953045377557e-07
-1.275000000000000178e+01	-9.305592835613928265e-07
-1.270000000000000284e+01	-4.858438811344192958e-08
-1.265000000000000391e+01	7.446044859095699728e-08
-1.259999999999999964e+01	-2.664978559822314877e-07
-1.255000000000000071e+01	-8.569813690327135551e-07
-1.249999999999999822e+01	-5.576933019726851463e-08
-1.245000000000000107e+01	-4.455791217563037390e-07
-1.239999999999999858e+01	-1.087447604711400159e-06
-1.234999999999999964e+01	-4.337995163835124025e-07
-1.230000000000000071e+01	-1.422162055525390411e-06
-1.225000000000000178e+01	-8.865883734698630204e-07
-1.220000000000000107e+01	-2.325215957903736255e-06
-1.215000000000000213e+01	-1.055428446007200147e-06
-1.210000000000000320e+01	-8.871965992760830848e-07
-1.205000000000000071e+01	-1.998154883272378810e-06
-1.199999999999999822e+01	-2.174291907098099179e-06
-1.195000000000000107e+01	-1.567133968851829244e-06
-1.190000000000000036e+01	-1.442412510851591053e-06
-1.184999999999999964e+01	-1.473491812101542207e-06
-1.179999999999999893e+01	-1.891979476799644773e-06
-1.175000000000000000e+01	-1.300028414579254908e-06
-1.170000000000000107e+01	-1.493244995794325273e-06
-1.165000000000000036e+01	-1.274155343358376163e-06
-1.159999999999999964e+01	-1.471066821614817395e-06
-1.155000000000000071e+01	-1.471198876422701778e-06
-1.150000000000000178e+01	-2.132564697870219916e-06
-1.145000000000000107e+01	-2.023247055156621553e-06
-1.140000000000000213e+01	-2.825900267368122777e-06
-1.135000000000000142e+01	-2.456706323799446937e-06
-1.130000000000000071e+01	-4.289885012495135279e-06
-1.125000000000000178e+01	-3.405230688069103873e-06
-1.120000000000000107e+01	-2.332911183679280348e-06
-1.115000000000000213e+01	-2.207814310213219672e-06
-1.109999999999999964e+01	-2.588712776061522606e-06
-1.104999999999999893e+01	3.437056072607807430e-07
-1.100000000000000000e+01	3.192094403982732736e-06
-1.095000000000000107e+01	5.887249685389393607e-06
-1.090000000000000036e+01	7.984133736852923121e-06
-1.084999999999999964e+01	1.052119479581467631e-05
-1.079999999999999893e+01	1.073451746884426795e-05
-1.075000000000000178e+01	1.141984341310391416e-05
-1.070000000000000107e+01	1.073605078166017629e-05
-1.065000000000000213e+01	8.774993452440203251e-06
-1.059999999999999964e+01	6.472478788627366808e-06
-1.054999999999999893e+01	5.126630169130327698e-06
-1.050000000000000000e+01	3.335391981915466748e-06
-1.045000000000000107e+01	2.182362372500839931e-06
-1.040000000000000036e+01	4.625362954621819045e-07
-1.035000000000000142e+01	-7.387898542356514082e-07
-1.030000000000000071e+01	-1.749674683747489123e-06
-1.025000000000000000e+01	-1.591187989490069183e-06
-1.020000000000000107e+01	-1.816063436065325716e-06
-1.015000000000000036e+01	-4.073825762934119611e-07
-1.009999999999999964e+01	-8.104940323691067448e-07
-1.004999999999999893e+01	-3.539795064818917132e-07
-1.000000000000000178e+01	8.847967537128304855e-07
-9.950000000000001066e+00	5.168969824291440948e-08
-9.900000000000002132e+00	1.238565078005282513e-07
-9.849999999999999645e+00	-1.800121554584112042e-07
-9.799999999999998934e+00	8.845278964541690453e-07
-9.750000000000000000e+00	1.157206304290355043e-07
-9.700000000000001066e+00	-1.014587111775486996e-07
-9.650000000000000355e+00	2.848211199710017394e-07
-9.600000000000001421e+00	9.204928739185818188e-07
-9.550000000000000711e+00	3.992822183243061100e-07
-9.500000000000000000e+00	-2.387334645035609681e-07
-9.450000000000001066e+00	1.945726486962990915e-07
-9.400000000000000355e+00	-6.269863808708436015e-07
-9.349999999999999645e+00	-5.634834920776334568e-07
-9.299999999999998934e+00	-1.038880800460526241e-06
-9.250000000000000000e+00	-1.601354099633639800e-06
-9.200000000000001066e+00	-1.730856082350184124e-06
-9.150000000000002132e+00	-2.579303651201495404e-06
-9.099999999999999645e+00	-3.102492315496023040e-06
-9.049999999999998934e+00	-3.358712755484629396e-06
-9.000000000000000000e+00	-2.900829501735137783e-06
-8.950000000000001066e+00	-3.516477456345016090e-06
-8.900000000000000355e+00	-3.701211758096008125e-06
-8.849999999999999645e+00	-2.119764525113994515e-06
-8.800000000000000711e+00	-2.710237663685561092e-07
-8.750000000000000000e+00	3.753094351311291232e-07
-8.700000000000001066e+00	5.910989482403547453e-07
-8.650000000000000355e+00	6.845988515424682123e-07
-8.599999999999999645e+00	1.539532228101910773e-07
-8.549999999999998934e+00	1.294151711870472140e-06
-8.500000000000000000e+00	5.105868375080656437e-07
-8.450000000000001066e+00	-4.343998294515769684e-07
-8.400000000000002132e+00	-4.914315051425873100e-07
-8.349999999999999645e+00	-4.994747155583479352e-07
-8.299999999999998934e+00	8.407440786603607221e-07
-8.250000000000000000e+00	1.040396353575244034e-06
-8.200000000000001066e+00	3.226172808832247522e-07
-8.150000000000000355e+00	-4.371608475519720181e-07
-8.099999999999999645e+00	-4.319379128534600592e-07
-8.049999999999998934e+00	-1.372960297997193147e-07
-8.000000000000000000e+00	-7.445406564884486620e-07
-7.950000000000001066e+00	-1.162425018861850088e-06
-7.900000000000000355e+00	2.594228130394536991e-07
-7.849999999999999645e+00	-1.035494500207220293e-06
-7.799999999999998934e+00	-9.102391961394239245e-07
-7.750000000000000000e+00	1.446250364695637845e-06
-7.700000000000001066e+00	-6.403462479726026218e-08
-7.650000000000000355e+00	1.640091173031865417e-06
-7.599999999999999645e+00	1.487022946024711475e-06
-7.549999999999998934e+00	1.723438329925960595e-07
-7.500000000000000000e+00	4.714924600224622801e-07
-7.450000000000001066e+00	-7.767783826043662186e-07
-7.400000000000000355e+00	-6.159540896571836574e-07
-7.349999999999999645e+00	-1.813549471234008175e-06
-7.299999999999998934e+00	-2.062149416862984509e-06
-7.250000000000000000e+00	-1.580639957851526405e-06
-7.200000000000001066e+00	-1.148805262271339322e-06
-7.150000000000000355e+00	-1.673520557514002332e-06
-7.099999999999999645e+00	-5.525415819175720123e-07
-7.049999999999998934e+00	-7.050348166187591635e-07
-7.000000000000000000e+00	6.743033241703989253e-07
-6.950000000000001066e+00	9.389000129318003654e-07
-6.900000000000000355e+00	4.897677200664226946e-07
-6.849999999999999645e+00	1.171778754554788748e-06
-6.799999999999998934e+00	1.526416249173967099e-06
-6.750000000000000000e+00	-5.367104787705350525e-08
-6.700000000000001066e+00	6.881121072835137913e-07
-6.650000000000000355e+00	-2.327971876683986764e-06
-6.599999999999999645e+00	-8.873546782005676516e-07
-6.549999999999998934e+00	4.234791957652221599e-08
-6.500000000000000000e+00	-6.690995558820857677e-07
-6.450000000000001066e+00	-1.498612645681770423e-06
-6.400000000000000355e+00	-7.631125562939277015e-07
-6.349999999999999645e+00	-2.838496115641312046e-07
-6.299999999999998934e+00	9.542584618530147987e-07
-6.250000000000000000e+00	1.285006169110336434e-06
-6.200000000000001066e+00	-2.347188928407077859e-07
-6.150000000000000355e+00	-1.113538539989493670e-07
-6.099999999999997868e+00	6.573695370017357599e-07
-6.049999999999998934e+00	-4.795365496313514057e-08
-6.000000000000000000e+00	-4.597325485757471204e-07
-5.950000000000001066e+00	-3.724633111359058884e-07
-5.900000000000000355e+00	-7.167847052638108047e-07
-5.849999999999999645e+00	-3.886128580340453526e-07
-5.799999999999998934e+00	-1.449998189163337581e-06
-5.750000000000000000e+00	-1.412488821049595502e-07
-5.700000000000001066e+00	-5.477148116427125140e-07
-5.650000000000000355e+00	-3.441923285766572127e-07
-5.599999999999999645e+00	2.908493955751188370e-08
-5.549999999999998934e+00	-2.005439525856964528e-07
-5.500000000000000888e+00	-1.246622531349723544e-06
-5.450000000000000178e+00	1.781159117191002140e-07
-5.400000000000000355e+00	-7.004619573193782912e-08
-5.349999999999997868e+00	4.537114823552829208e-07
-5.299999999999998934e+00	-7.617158700901676312e-07
-5.250000000000000888e+00	-1.985288419354271842e-07
-5.200000000000000178e+00	-1.428442659557355576e-07
-5.150000000000000355e+00	5.465642995149016630e-07
-5.099999999999999645e+00	-1.058532525266293226e-06
-5.049999999999998934e+00	2.424833990347688294e-07
-4.999999999999999112e+00	2.183136765808325359e-07
-4.949999999999998401e+00	5.232586480675469145e-07
-4.899999999999998579e+00	1.935378559680469818e-06
-4.849999999999999645e+00	9.960145086155053626e-07
-4.799999999999998934e+00	1.261972891694156810e-06
-4.750000000000000000e+00	2.073020112379646519e-06
-4.699999999999999289e+00	1.123961902042430876e-06
-4.650000000000000355e+00	2.137157075257051085e-06
-4.599999999999998757e+00	2.740439002677502559e-06
-4.549999999999998934e+00	2.531968244846244005e-06
-4.499999999999999112e+00	2.065043896480269076e-06
-4.449999999999998401e+00	2.746435627328997166e-06
-4.400000000000000355e+00	4.083722488303152047e-06
-4.349999999999999645e+00	3.430036418832117495e-06
-4.299999999999999822e+00	4.328033202335966148e-06
-4.249999999999998224e+00	6.440212928331342424e-06
-4.199999999999998401e+00	7.361734985726016849e-06
-4.149999999999999467e+00	9.163400227604955470e-06
-4.099999999999998757e+00	9.581853427932425984e-06
-4.049999999999998934e+00	1.048942058031604621e-05
-4.000000000000000000e+00	1.133921894148981352e-05
-3.949999999999999289e+00	1.172372192332588925e-05
-3.900000000000000355e+00	1.215513302365681892e-05
-3.849999999999999645e+00	1.371549386448615963e-05
-3.800000000000000711e+00	1.505090136222906888e-05
-3.750000000000000888e+00	1.575237773257998406e-05
-3.700000000000000178e+00	1.809392751626156713e-05
-3.649999999999998579e+00	1.990483430879026134e-05
-3.599999999999997868e+00	2.104761991155014599e-05
-3.549999999999998934e+00	2.190677095338509933e-05
-3.499999999999998224e+00	2.466826803819653885e-05
-3.449999999999997513e+00	2.547357641365577738e-05
-3.399999999999999467e+00	2.517290555164341842e-05
-3.349999999999998757e+00	2.395063455988657961e-05
-3.299999999999998934e+00	2.049642701189152569e-05
-3.249999999999999112e+00	1.499012889561538654e-05
-3.199999999999999289e+00	1.080776005911377786e-05
-3.150000000000000355e+00	4.468317433740456811e-06
-3.099999999999999645e+00	-1.664186339908514181e-06
-3.049999999999999822e+00	-1.017126274281864133e-05
-3.000000000000000888e+00	-1.766272830147458362e-05
-2.950000000000000178e+00	-2.299276226259863208e-05
-2.899999999999997691e+00	-2.650285308422039928e-05
-2.849999999999997868e+00	-2.845064163074671672e-05
-2.799999999999998046e+00	-2.891851937614111755e-05
-2.749999999999998224e+00	-2.690102822255743801e-05
-2.699999999999997513e+00	-2.543324764901791583e-05
-2.649999999999999467e+00	-2.449548144354448724e-05
-2.599999999999998757e+00	-2.422877768053158723e-05
-2.549999999999998934e+00	-2.193638217794926197e-05
-2.499999999999999112e+00	-2.191147780171724593e-05
-2.449999999999998401e+00	-2.307788327954856538e-05
-2.400000000000000355e+00	-2.278604232996324984e-05
-2.349999999999999645e+00	-2.173089856669102203e-05
-2.299999999999999822e+00	-1.831730657613230663e-05
-2.250000000000000000e+00	-1.710247971259354843e-05
-2.200000000000000178e+00	-1.547628787956701924e-05
-2.149999999999997691e+00	-1.310743528079916726e-05
-2.099999999999996980e+00	-1.209151583975691938e-05
-2.049999999999998046e+00	-9.599169312434685443e-06
-1.999999999999998224e+00	-7.775455665281991597e-06
-1.949999999999997513e+00	-6.070525581579013182e-06
-1.899999999999998579e+00	-6.574893534412727798e-06
-1.849999999999998757e+00	-4.644412432134639431e-06
-1.799999999999998934e+00	-7.130716616762701820e-06
-1.749999999999999112e+00	-9.868702494773370728e-06
-1.699999999999998401e+00	-1.280292920252214553e-05
-1.650000000000000355e+00	-1.730661833420397511e-05
-1.599999999999999645e+00	-2.188569897999972943e-05
-1.550000000000000266e+00	-2.585122415083117360e-05
-1.500000000000000000e+00	-3.049102046736451447e-05
-1.449999999999999289e+00	-3.630156723416967955e-05
-1.399999999999997691e+00	-4.081692202779486336e-05
-1.349999999999997424e+00	-4.953577530637624793e-05
-1.299999999999997158e+00	-5.369220864894485581e-05
-1.249999999999997335e+00	-6.179429405670941401e-05
-1.199999999999997957e+00	-6.857477916729655789e-05
-1.149999999999998135e+00	-7.155889076563429012e-05
-1.099999999999998312e+00	-7.073388688155147672e-05
-1.049999999999998490e+00	-6.536087479521647428e-05
-9.999999999999991118e-01	-5.615204138350885703e-05
-9.499999999999992895e-01	-4.466596325272321100e-05
-8.999999999999990230e-01	-3.292014949198301157e-05
-8.499999999999992006e-01	-3.062283050788171040e-05
-7.999999999999998224e-01	-3.580354564901393731e-05
-7.500000000000000000e-01	-5.073848038257664124e-05
-7.000000000000001776e-01	-7.403457447311003565e-05
-6.499999999999972466e-01	-1.018874505858010472e-04
-5.999999999999974243e-01	-1.304823219150352256e-04
-5.499999999999976019e-01	-1.540743241025658867e-04
-4.999999999999977796e-01	-1.695569653833558978e-04
-4.499999999999979572e-01	-1.732600554496513856e-04
-3.999999999999981348e-01	-1.586390489312840160e-04
-3.499999999999978684e-01	-1.141263475038948119e-04
-2.999999999999984901e-01	-4.042935277200422389e-05
-2.499999999999986677e-01	6.924134137181011588e-05
-1.999999999999988454e-01	1.944875573960769093e-04
-1.499999999999985789e-01	3.149561734278983694e-04
-9.999999999999920064e-02	4.098144972837289963e-04
-4.999999999999937828e-02	4.733716020487171864e-04
0.000000000000000000e+00	4.959608134345145584e-04
5.000000000000026645e-02	4.611032664037510893e-04
1.000000000000031974e-01	3.986625051565092191e-04
1.500000000000025757e-01	2.960564001733374459e-04
2.000000000000028422e-01	1.597005977923351700e-04
2.500000000000022204e-01	3.981923793142855327e-05
3.000000000000024869e-01	-5.340678985348517829e-05
3.500000000000018652e-01	-9.936838098334142019e-05
4.000000000000019096e-01	-1.071601982569041092e-04
4.500000000000015099e-01	-8.867141912816944578e-05
5.000000000000013323e-01	-6.358245577132942510e-05
5.500000000000015987e-01	-3.608576734658153733e-05
6.000000000000011990e-01	-1.760212182652354151e-05
6.500000000000010214e-01	-9.715911037763034095e-06
7.000000000000006217e-01	-7.772594419164958080e-06
7.500000000000006661e-01	-8.860805515189052389e-06
8.000000000000002665e-01	-5.063021425484461087e-06
8.500000000000031974e-01	3.918068084147221601e-06
9.000000000000030198e-01	1.402128022379674275e-05
9.500000000000028422e-01	1.844867051405615368e-05
1.000000000000002665e+00	1.938596054853124976e-05
1.050000000000002265e+00	1.124758222426538770e-05
1.100000000000002309e+00	-2.063031599248010342e-06
1.150000000000002132e+00	-1.342764269331747870e-05
1.200000000000001954e+00	-2.208459655553320699e-05
1.250000000000001776e+00	-1.890274176223957561e-05
1.300000000000001599e+00	-4.768858878524317101e-06
1.350000000000001421e+00	1.956728164671920250e-05
1.400000000000001243e+00	3.445864708561143360e-05
1.450000000000000844e+00	3.755953839042066266e-05
1.500000000000000888e+00	1.564745939644222086e-05
1.550000000000000488e+00	-2.108546952740457519e-05
1.600000000000003419e+00	-6.871852372701576378e-05
1.650000000000003242e+00	-8.630169454565685366e-05
1.700000000000002842e+00	-1.757955993729507600e-04
1.750000000000002665e+00	-1.993629772951801052e-04
1.800000000000002487e+00	-1.922734700428926501e-04
1.850000000000002309e+00	-1.495169401847924967e-04
1.900000000000002132e+00	-8.338216460608087715e-05
1.950000000000001954e+00	-9.927246734322461971e-06
2.000000000000001776e+00	4.903159638006513593e-05
2.050000000000001599e+00	8.410800376969671476e-05
2.100000000000001421e+00	9.251289419287348490e-05
2.150000000000001243e+00	7.825067636740032449e-05
2.200000000000001066e+00	4.841315083292071678e-05
2.250000000000000888e+00	1.864119640114956177e-05
2.300000000000000711e+00	-8.219382607311424090e-06
2.350000000000000533e+00	-2.174757035430742360e-05
2.400000000000003464e+00	-1.867511285862482654e-05
2.450000000000003286e+00	-5.885671357885308249e-06
2.500000000000003109e+00	7.370091540572735068e-06
2.550000000000002931e+00	6.613218266233738356e-06
2.600000000000002753e+00	-1.964851575084853025e-06
2.650000000000002576e+00	-2.025630952156524928e-05
2.700000000000002398e+00	-4.165121036715208167e-05
2.750000000000001776e+00	-5.878087314872780918e-05
2.800000000000002043e+00	-6.119536272856549927e-05
2.850000000000001421e+00	-4.694047631875133562e-05
2.900000000000001243e+00	-1.538422475367532023e-05
2.950000000000001066e+00	2.511401420664723872e-05
3.000000000000000888e+00	6.076165218652656869e-05
3.050000000000000711e+00	8.917715791892895437e-05
3.100000000000000533e+00	9.735358666675976956e-05
3.150000000000003464e+00	8.629494216659220490e-05
3.200000000000003286e+00	6.812490589046256526e-05
3.250000000000003109e+00	3.887362527896149375e-05
3.300000000000002931e+00	8.807710514649718520e-06
3.350000000000002753e+00	-2.092037042162853721e-05
3.400000000000002576e+00	-4.791207985431846818e-05
3.450000000000002398e+00	-6.800902419185242507e-05
3.500000000000002220e+00	-8.075287864969178425e-05
3.550000000000002043e+00	-8.063187881620403397e-05
3.600000000000001865e+00	-7.090114510981221862e-05
3.650000000000001243e+00	-5.186327575970478576e-05
3.700000000000001510e+00	-2.111005247062885110e-05
3.750000000000000888e+00	1.397194693897653901e-05
3.800000000000000711e+00	4.849619167892889153e-05
3.850000000000000533e+00	7.996110773834625514e-05
3.900000000000003908e+00	9.400645675322578465e-05
3.950000000000003730e+00	8.709433093471798701e-05
4.000000000000003553e+00	6.034973262201342379e-05
4.050000000000003375e+00	2.066635570136043386e-05
4.100000000000003197e+00	-2.133157660883730974e-05
4.150000000000002132e+00	-5.573541057469791836e-05
4.200000000000001954e+00	-6.518351270368566159e-05
4.250000000000002665e+00	-6.082582132787248163e-05
4.300000000000002487e+00	-3.760940165285865585e-05
4.350000000000002309e+00	-8.396726939141049622e-06
4.400000000000002132e+00	2.805631982005278932e-05
4.450000000000001066e+00	5.393337624754368005e-05
4.500000000000001776e+00	6.872598842835304477e-05
4.550000000000000711e+00	6.596682261204083408e-05
4.600000000000001421e+00	5.108064001664046664e-05
4.650000000000003908e+00	3.428850000456943318e-05
4.700000000000003730e+00	1.522832693150375752e-05
4.750000000000003553e+00	7.719203130541358510e-07
4.800000000000003375e+00	-8.304615985143166290e-06
4.850000000000003197e+00	-1.191300077435753151e-05
4.900000000000002132e+00	-1.492532726273291819e-05
4.950000000000002842e+00	-1.870084543478378925e-05
5.000000000000002665e+00	-2.069393159383237665e-05
5.050000000000002487e+00	-2.435327388925233099e-05
5.100000000000001421e+00	-2.506110102324685893e-05
5.150000000000002132e+00	-2.223151816754116006e-05
5.200000000000001066e+00	-1.869755637329048440e-05
5.250000000000001776e+00	-1.591878560524694498e-05
5.300000000000000711e+00	-1.163205742359860434e-05
5.350000000000001421e+00	-1.083685607650470783e-05
5.400000000000003908e+00	-1.280187680834746301e-05
5.450000000000003730e+00	-1.868911559174206338e-05
5.500000000000003553e+00	-2.673526462261496567e-05
5.550000000000003375e+00	-3.324075693737473864e-05
5.600000000000003197e+00	-3.842834297280533330e-05
5.650000000000002132e+00	-3.702924180136034794e-05
5.700000000000002842e+00	-2.945057276891057231e-05
5.750000000000002665e+00	-1.481669134637107296e-05
5.800000000000002487e+00	6.098016719833380129e-07
5.850000000000002309e+00	1.565028213390022766e-05
5.900000000000002132e+00	3.166843344316327426e-05
5.950000000000001954e+00	4.199289506108795048e-05
6.000000000000001776e+00	4.772896696053485760e-05
6.050000000000000711e+00	4.336559142530800154e-05
6.100000000000001421e+00	3.168771766524137887e-05
6.150000000000003908e+00	1.337899641000779655e-05
6.200000000000003730e+00	-9.095164818040248289e-06
6.250000000000003553e+00	-2.445106267247335811e-05
6.300000000000004263e+00	-3.581792749020813645e-05
6.350000000000004086e+00	-3.744365669181050213e-05
6.400000000000003020e+00	-3.120081400470999731e-05
6.450000000000002842e+00	-2.112441760715361001e-05
6.500000000000002665e+00	-7.118124285262025813e-06
6.550000000000002487e+00	8.097695596474509659e-06
6.600000000000002309e+00	1.774987005591080732e-05
6.650000000000002132e+00	2.321002108326402361e-05
6.700000000000001954e+00	2.290801419937376455e-05
6.750000000000001776e+00	1.606426868145822691e-05
6.800000000000002487e+00	1.198861525184881111e-05
6.850000000000001421e+00	8.474383958108206086e-06
6.900000000000003908e+00	8.298640988642629152e-06
6.950000000000003730e+00	1.003212972689646292e-05
7.000000000000003553e+00	1.052070684362842080e-05
7.050000000000003375e+00	1.276150443573043189e-05
7.100000000000004086e+00	1.203937019195761845e-05
7.150000000000003908e+00	6.035270288807836765e-06
7.200000000000002842e+00	-3.386330849226735975e-06
7.250000000000002665e+00	-1.597657918970301475e-05
7.300000000000002487e+00	-2.362408060385167696e-05
7.350000000000003197e+00	-2.516492388474664521e-05
7.400000000000002132e+00	-2.110805072371413734e-05
7.450000000000001954e+00	-1.019803153599872147e-05
7.500000000000001776e+00	4.721183751944256059e-06
7.550000000000002487e+00	2.084664533017016757e-05
7.600000000000001421e+00	3.475458419598192002e-05
7.650000000000003908e+00	4.280719142789871150e-05
7.700000000000004619e+00	4.329928127285583662e-05
7.750000000000003553e+00	3.551764874833103535e-05
7.800000000000003375e+00	1.735025620593847522e-05
7.850000000000004086e+00	3.473105276773919094e-06
7.900000000000003908e+00	-6.658916790822553717e-06
7.950000000000002842e+00	-1.065520422586185056e-05
8.000000000000003553e+00	-7.914589208720043464e-06
8.050000000000002487e+00	-2.629341169717539943e-06
8.100000000000003197e+00	5.308778412213475105e-06
8.150000000000002132e+00	7.809607218999785468e-06
8.200000000000002842e+00	3.220118333272904063e-06
8.250000000000001776e+00	-8.821851808603991104e-06
8.300000000000002487e+00	-2.655470631238519339e-05
8.350000000000001421e+00	-4.016037260214328029e-05
8.400000000000003908e+00	-4.544565246793704264e-05
8.450000000000004619e+00	-4.075894521949083798e-05
8.500000000000003553e+00	-2.647727436685890764e-05
8.550000000000004263e+00	-8.015435649802980867e-06
8.600000000000004974e+00	1.400222758118866172e-05
8.650000000000003908e+00	2.779084464151750113e-05
8.700000000000002842e+00	3.777626002408460604e-05
8.750000000000003553e+00	3.414445335409131162e-05
8.800000000000002487e+00	2.129620438338006690e-05
8.850000000000003197e+00	3.892834186330682876e-06
8.900000000000002132e+00	-1.283917393924001213e-05
8.950000000000002842e+00	-2.430971619993114199e-05
9.000000000000001776e+00	-3.564074299568924952e-05
9.050000000000002487e+00	-4.583168647668689878e-05
9.100000000000004974e+00	-5.459909143739733698e-05
9.150000000000003908e+00	-6.406751998399757317e-05
9.200000000000004619e+00	-6.984614272079504318e-05
9.250000000000003553e+00	-7.577600162195871245e-05
9.300000000000004263e+00	-7.051367467532921565e-05
9.350000000000004974e+00	-5.559789175735946017e-05
9.400000000000003908e+00	-2.983116422051843939e-05
9.450000000000002842e+00	-4.805665771328476866e-06
9.500000000000003553e+00	1.501056820162556524e-05
9.550000000000002487e+00	2.603668062181782302e-05
9.600000000000003197e+00	2.752130090886127384e-05
9.650000000000003908e+00	1.957162398158032303e-05
9.700000000000002842e+00	7.165330274388778965e-06
9.750000000000003553e+00	-7.800109471472417615e-06
9.800000000000002487e+00	-1.954593483756190427e-05
9.850000000000001421e+00	-2.330432773418074564e-05
9.900000000000002132e+00	-2.076618526767107491e-05
9.950000000000002842e+00	-1.491258529256179436e-05
1.000000000000000355e+01	-1.019115905915272488e-05
1.005000000000000249e+01	-1.458001941391496008e-05
1.009999999999999964e+01	-2.083207833090312426e-05
1.015000000000000036e+01	-3.375876346153190678e-05
1.020000000000000107e+01	-4.417302656894481043e-05
1.025000000000000000e+01	-4.751511202398533165e-05
1.030000000000000782e+01	-4.401883772237621359e-05
1.035000000000000497e+01	-2.993270135572304139e-05
1.040000000000000568e+01	-5.336486711170553720e-06
1.045000000000000462e+01	2.398548085201443063e-05
1.050000000000000533e+01	4.988163476096295465e-05
1.055000000000000604e+01	5.421340734751258422e-05
1.060000000000000497e+01	8.027002297016215158e-05
1.065000000000000568e+01	8.541588162052623839e-05
1.070000000000000462e+01	8.581302493780780007e-05
1.075000000000000533e+01	8.158738291888135313e-05
1.080000000000000426e+01	7.339991326374421712e-05
1.085000000000000320e+01	5.810174393347568582e-05
1.090000000000000391e+01	3.799585609176250748e-05
1.095000000000000462e+01	1.151701728865094063e-05
1.100000000000000355e+01	-1.654273191211844205e-05
1.105000000000000426e+01	-4.239041414551258778e-05
1.110000000000000320e+01	-6.289669445063259424e-05
1.115000000000000391e+01	-7.213514541709489629e-05
1.120000000000000462e+01	-7.359907389386170339e-05
1.125000000000000178e+01	-6.062671661443795460e-05
1.130000000000000249e+01	-3.528985649063302860e-05
1.135000000000000142e+01	3.148191895116592306e-07
1.140000000000000213e+01	4.480863572434164681e-05
1.145000000000000284e+01	8.973817334005658290e-05
1.150000000000000178e+01	1.256666586628052049e-04
1.155000000000000249e+01	1.461275476334154410e-04
1.160000000000000142e+01	1.492278127768786368e-04
1.165000000000000036e+01	1.336400769696479416e-04
1.170000000000000107e+01	1.081057272101853487e-04
1.175000000000000178e+01	7.611495765210130580e-05
1.180000000000000782e+01	3.907946267753459384e-05
1.185000000000000675e+01	1.571501096959166413e-06
1.190000000000000746e+01	-2.892952951168794212e-05
1.195000000000000462e+01	-5.467216961855185075e-05
1.200000000000000533e+01	-7.016014127144066430e-05
1.205000000000000604e+01	-7.625598954934217401e-05
1.210000000000000497e+01	-7.037248469916384467e-05
1.215000000000000568e+01	-5.672594313831929045e-05
1.220000000000000462e+01	-4.128866910214730652e-05
1.225000000000000533e+01	-2.081297434341634658e-05
1.230000000000000604e+01	3.302071793219875320e-07
1.235000000000000497e+01	2.011462420799135710e-05
1.240000000000000391e+01	3.079415166342735816e-05
1.245000000000000462e+01	3.258008497514414576e-05
1.250000000000000355e+01	2.119900501123230926e-05
1.255000000000000426e+01	1.359829021108815375e-06
1.260000000000000320e+01	-2.094028291511618246e-05
1.265000000000000391e+01	-4.121565650880018795e-05
1.270000000000000462e+01	-5.153380903683553411e-05
1.275000000000000355e+01	-5.218892291594707134e-05
1.280000000000000249e+01	-4.463904974435418840e-05
1.285000000000000142e+01	-3.143252517785848348e-05
1.290000000000000213e+01	-1.566472885954730261e-05
1.295000000000000284e+01	-2.862191425483168362e-06
1.300000000000000178e+01	7.106621977401929267e-06
1.305000000000000249e+01	9.320308770196916303e-06
1.310000000000000142e+01	4.203662190716703739e-06
1.315000000000000213e+01	-3.232001155918968693e-06
1.320000000000000284e+01	-1.206655677771231323e-05
1.325000000000000178e+01	-1.820969632647403852e-05
1.330000000000000782e+01	-2.011400068422470469e-05
1.335000000000000675e+01	-1.552044289269963379e-05
1.340000000000000746e+01	-1.248361329183602262e-05
1.345000000000000639e+01	-2.788968880816984115e-06
1.350000000000000533e+01	3.951034661366574052e-06
1.355000000000000604e+01	7.924152895732042501e-06
1.360000000000000497e+01	7.764640534771042262e-06
1.365000000000000568e+01	4.543428836923672892e-06
1.370000000000000462e+01	-3.959249314442370249e-07
1.375000000000000533e+01	-3.887086373334521296e-06
1.380000000000000604e+01	-5.891257575184470837e-06
1.385000000000000497e+01	-4.745226343071827822e-06
1.390000000000000568e+01	1.136436245825275544e-07
1.395000000000000462e+01	6.674204552616245245e-06
1.400000000000000355e+01	1.384164998983330564e-05
1.405000000000000426e+01	2.137843303077621582e-05
1.410000000000000320e+01	2.555751122323688572e-05
1.415000000000000391e+01	2.392928651985889868e-05
1.420000000000000462e+01	1.506681704375505998e-05
1.425000000000000355e+01	7.046259918140578948e-07
1.430000000000000426e+01	-1.868497002030308101e-05
1.435000000000000320e+01	-3.384620502082491653e-05
1.440000000000000213e+01	-4.515836925552929425e-05
1.445000000000000284e+01	-4.816263319124009922e-05
1.450000000000000178e+01	-4.542856130519839927e-05
1.455000000000000249e+01	-3.208867193305725145e-05
1.460000000000000142e+01	-1.093626257508196917e-05
1.465000000000000213e+01	1.100252067930092821e-05
1.470000000000000284e+01	2.521324996591896652e-05
1.475000000000000178e+01	2.899749026131934489e-05
1.480000000000000782e+01	2.074488558326545177e-05
1.485000000000000675e+01	7.632263766363289707e-06
1.490000000000000746e+01	-4.785088607835766567e-06
1.495000000000000639e+01	-1.510128053519480737e-05
1.500000000000000711e+01	-1.360015990319499096e-05
1.505000000000000782e+01	-5.012610953243352890e-06
1.510000000000000497e+01	1.391643380565688166e-05
1.515000000000000568e+01	3.536220740323173283e-05
1.520000000000000462e+01	4.989379593615346416e-05
1.525000000000000533e+01	4.953494482054716149e-05
1.530000000000000604e+01	3.875871702298308563e-05
1.535000000000000497e+01	1.573797408739619844e-05
1.540000000000000568e+01	-8.563862607879690154e-06
1.545000000000000462e+01	-2.971797021530177578e-05
1.550000000000000533e+01	-3.919088598779069718e-05
1.555000000000000426e+01	-4.028101565905956206e-05
1.560000000000000320e+01	-3.158028255085428807e-05
1.565000000000000391e+01	-1.375581770564250396e-05
1.570000000000000462e+01	3.301355602497489499e-06
1.575000000000000355e+01	1.830088043507597446e-05
1.580000000000000426e+01	2.695673249246320367e-05
1.585000000000000320e+01	3.019878229832379145e-05
1.590000000000000391e+01	2.843994835640336629e-05
1.595000000000000284e+01	2.300808466460158339e-05
1.600000000000000000e+01	1.692693192400247234e-05
1.605000000000000426e+01	1.009944866554413741e-05
1.610000000000000142e+01	8.677989612844206586e-07
1.615000000000000213e+01	-1.043102562776015495e-05
1.620000000000000284e+01	-2.246429246102049637e-05
1.625000000000000000e+01	-3.197037227750539984e-05
1.630000000000000782e+01	-3.974566142360887606e-05
1.635000000000000853e+01	-4.264549761294755419e-05
1.640000000000000568e+01	-3.460769704834459773e-05
1.645000000000000639e+01	-2.580536350302948325e-05
1.650000000000000711e+01	-1.303381674754795442e-05
1.655000000000000782e+01	1.047633343892271569e-06
1.660000000000000853e+01	1.694155659833873444e-05
1.665000000000000568e+01	3.339847521683794805e-05
1.670000000000000284e+01	4.079525396146845061e-05
1.675000000000000355e+01	4.625292232326571885e-05
1.680000000000000426e+01	5.019502930592937683e-05
1.685000000000000497e+01	4.170627845291014721e-05
1.690000000000000568e+01	2.639956283791779177e-05
1.695000000000000284e+01	3.470900787923794971e-06
1.700000000000000355e+01	-2.002616102628316616e-05
1.705000000000000426e+01	-3.677804489506874094e-05
1.710000000000000497e+01	-5.344449739173005604e-05
1.715000000000000568e+01	-5.876616319265809651e-05
1.720000000000000284e+01	-5.174598647289607934e-05
1.725000000000000355e+01	-3.532153839085318351e-05
1.730000000000000426e+01	-9.189036971712922212e-06
1.735000000000000497e+01	1.736813618075191046e-05
1.740000000000000568e+01	3.685392735062555157e-05
1.745000000000000284e+01	4.078215802814383085e-05
1.750000000000000355e+01	3.510319728344673960e-05
1.755000000000000426e+01	2.459442038721606783e-05
1.760000000000000497e+01	1.150701875271764226e-05
1.765000000000000568e+01	1.393054608623791839e-06
1.770000000000000284e+01	-2.499862397699585110e-06
1.775000000000000000e+01	-3.282536473584307019e-06
1.780000000000000426e+01	3.987273595409792806e-06
1.785000000000000853e+01	1.187105394268617942e-05
1.790000000000000568e+01	1.408086155956008290e-05
1.795000000000000995e+01	8.553109548403606770e-06
1.800000000000000711e+01	-1.957097443369706599e-06
1.805000000000000426e+01	-1.619205553421990945e-05
1.810000000000000853e+01	-3.067970217042335001e-05
1.815000000000000568e+01	-4.027048767302433753e-05
1.820000000000000995e+01	-4.351043726233982289e-05
1.825000000000000711e+01	-3.535999253990269528e-05
1.830000000000000426e+01	-2.128280055662188277e-05
1.835000000000000853e+01	-1.187674566316074937e-06
1.840000000000000568e+01	1.986289785159782903e-05
1.845000000000000284e+01	3.388886593315514853e-05
1.850000000000000711e+01	3.896300035978244800e-05
1.855000000000000426e+01	3.369678017014181163e-05
1.860000000000000142e+01	1.953871455191431676e-05
1.865000000000000568e+01	4.784841730405314462e-06
1.870000000000000284e+01	-7.883550526192623442e-06
1.875000000000000711e+01	-1.823107795167922554e-05
1.880000000000000426e+01	-1.950869379919094678e-05
1.885000000000000142e+01	-1.575245598076841001e-05
1.890000000000000568e+01	-7.936230195898106367e-06
1.895000000000000284e+01	1.192141219085545994e-06
1.900000000000000711e+01	7.372608670499315592e-06
1.905000000000000426e+01	1.087768228861461321e-05
1.910000000000000142e+01	9.733580533741533166e-06
1.915000000000000568e+01	6.962516245145580608e-06
1.920000000000000284e+01	3.140324523326509543e-06
1.925000000000000711e+01	4.247977216998685056e-06
1.930000000000000426e+01	7.461676209563964332e-06
1.935000000000000853e+01	1.330289485952338444e-05
1.940000000000000568e+01	1.786800495067039971e-05
1.945000000000000995e+01	2.130756443779198130e-05
1.950000000000000711e+01	2.043772082496818338e-05
1.955000000000000426e+01	1.236155772323968788e-05
1.960000000000000853e+01	1.272210568158377880e-06
1.965000000000000568e+01	-1.115749745875118714e-05
1.970000000000000995e+01	-2.165401295177471982e-05
1.975000000000000711e+01	-2.945289717970341230e-05
1.980000000000000426e+01	-3.345281392397669667e-05
1.985000000000000853e+01	-3.473919866791234907e-05
1.990000000000000568e+01	-3.099726672839771849e-05
1.995000000000000995e+01	-2.442937297799598111e-05
2.000000000000000711e+01	-1.874058725008913995e-05
2.005000000000000426e+01	-1.208604778601421439e-05
2.010000000000000142e+01	-7.162592291148346732e-06
2.015000000000000568e+01	-1.293919604884577234e-06
2.020000000000000284e+01	5.775073785815400577e-06
2.025000000000000711e+01	1.283060461965622221e-05
2.030000000000000426e+01	1.834467322063969595e-05
2.035000000000000142e+01	2.031892477697603994e-05
2.040000000000000568e+01	2.137181077229455972e-05
2.045000000000000284e+01	1.666758313902442866e-05
2.050000000000000711e+01	8.113039802467044058e-06
2.055000000000000426e+01	-6.298152023453001087e-06
2.060000000000000142e+01	-1.964277866400853545e-05
2.065000000000000568e+01	-2.969895502632095759e-05
2.070000000000000284e+01	-3.242557944321070040e-05
2.075000000000000711e+01	-2.973081469939167066e-05
2.080000000000000426e+01	-1.939762884805398653e-05
2.085000000000000853e+01	-6.157820667296828559e-06
2.090000000000000568e+01	8.376331944464541246e-06
2.095000000000000995e+01	1.813236689486652042e-05
2.100000000000000711e+01	2.297031312109695453e-05
2.105000000000000426e+01	2.299775942050177473e-05
2.110000000000000853e+01	1.267407395427084607e-05
2.115000000000000568e+01	1.218566775268304819e-06
2.120000000000000995e+01	-1.109287271952615564e-05
2.125000000000000711e+01	-1.647448718310657217e-05
2.130000000000000426e+01	-1.971226305533143092e-05
2.135000000000000853e+01	-1.424461303810892677e-05
2.140000000000000568e+01	-5.915022868799348020e-06
2.145000000000000995e+01	2.521580050518442583e-06
2.150000000000000711e+01	1.172516327254057193e-05
2.155000000000000426e+01	1.758649610289129522e-05
2.160000000000000853e+01	2.014003517530395406e-05
2.165000000000000568e+01	1.510490615181766036e-05
2.170000000000000284e+01	5.660754061717141487e-06
2.175000000000000711e+01	-5.335169679864226011e-06
2.180000000000000426e+01	-1.514309918050803840e-05
2.185000000000000142e+01	-2.022355764330785200e-05
2.190000000000000568e+01	-2.298899790930012280e-05
2.195000000000000284e+01	-2.022434610370538925e-05
2.200000000000000711e+01	-1.204127839272347941e-05
2.205000000000000426e+01	1.782973771807998868e-07
2.210000000000000142e+01	1.418199514511875358e-05
2.215000000000000568e+01	2.742297001515728134e-05
2.220000000000000284e+01	3.627873441278677707e-05
2.225000000000000711e+01	3.653401622619151218e-05
2.230000000000000426e+01	3.316812204539557068e-05
2.235000000000000853e+01	2.681327384634935005e-05
2.240000000000000568e+01	1.722439672035284741e-05
2.245000000000000995e+01	6.220356971164686564e-06
2.250000000000000711e+01	-3.967086969504714057e-06
2.255000000000000426e+01	-8.299825613463821883e-06
2.260000000000000853e+01	-1.129108645864436929e-05
2.265000000000000568e+01	-1.189001198411364719e-05
2.270000000000000995e+01	-1.038358120145698432e-05
2.275000000000000711e+01	-7.336126551636784351e-06
2.280000000000000426e+01	-5.367492336036346190e-06
2.285000000000000853e+01	-2.813800635696597710e-06
2.290000000000000568e+01	-6.054897572044634529e-08
2.295000000000000995e+01	2.298932127653274471e-06
2.300000000000000711e+01	7.347899475141799550e-06
2.305000000000000426e+01	1.117740467708006732e-05
2.310000000000000853e+01	1.242211637008454736e-05
2.315000000000000568e+01	1.337328499560715007e-05
2.320000000000000284e+01	1.037291905055037628e-05
2.325000000000000711e+01	7.002605341736643679e-06
2.330000000000000426e+01	2.993024154918843266e-06
2.335000000000000142e+01	-1.144721937705846195e-06
2.340000000000000568e+01	-3.419078859034370563e-06
2.345000000000000284e+01	-5.838575443738230143e-06
2.350000000000000711e+01	-6.705647488144099054e-06
2.355000000000000426e+01	-5.963230610576587826e-06
2.360000000000000142e+01	-7.261476373168719231e-06
2.365000000000000568e+01	-7.604885516506608076e-06
2.370000000000000284e+01	-8.464893419964490158e-06
2.375000000000000711e+01	-8.573209485866227484e-06
2.380000000000000426e+01	-6.897723052517145187e-06
2.385000000000000853e+01	-4.332523944997155197e-06
2.390000000000000568e+01	-2.275836427524978724e-06
2.395000000000000995e+01	1.158773026445144995e-07
2.400000000000000711e+01	2.338463815800938961e-07
2.405000000000000426e+01	-2.078920904980146855e-06
2.410000000000000853e+01	-2.815904017336957405e-06
2.415000000000000568e+01	-6.589185697907830906e-06
2.420000000000000995e+01	-8.837085587939600071e-06
2.425000000000000711e+01	-8.803565294887987386e-06
2.430000000000000426e+01	-9.594297175794401080e-06
2.435000000000000853e+01	-5.089737642915463591e-06
2.440000000000000568e+01	3.868669563196891255e-07
2.445000000000000995e+01	7.148798278479789912e-06
2.450000000000000711e+01	1.307990528220852533e-05
2.455000000000000426e+01	1.831514675029310364e-05
2.460000000000000853e+01	2.040669550617631352e-05
2.465000000000000568e+01	2.126383266823137885e-05
2.470000000000000995e+01	1.899084289221749571e-05
2.475000000000000711e+01	1.151029427463677133e-05
2.480000000000000426e+01	1.591033603176724233e-06
2.485000000000000142e+01	-1.077692974535778831e-05
2.490000000000000568e+01	-2.014398134574142080e-05
2.495000000000000284e+01	-2.656917923798749858e-05
2.500000000000000711e+01	-3.159388982290237358e-05
2.505000000000000426e+01	-2.706046092862100737e-05
2.510000000000000142e+01	-1.934593387465230048e-05
2.515000000000000568e+01	-9.784237883413091774e-06
2.520000000000000284e+01	1.708167624478958895e-06
2.525000000000000711e+01	1.124794867196129893e-05
2.530000000000000426e+01	1.486513436022947087e-05
2.535000000000000853e+01	1.037246890366863994e-05
2.540000000000001279e+01	6.835102346108961088e-07
2.545000000000000995e+01	-8.760656274256925662e-06
2.550000000000000711e+01	-1.824798589056991668e-05
2.555000000000000426e+01	-2.040106339499584667e-05
2.560000000000000853e+01	-1.810462448321606226e-05
2.565000000000000568e+01	-1.000224577662387085e-05
2.570000000000000995e+01	4.538091431279844178e-06
2.575000000000000711e+01	1.367219061365633098e-05
2.580000000000000426e+01	2.351792489130502455e-05
2.585000000000000853e+01	2.425878858629191935e-05
2.590000000000000568e+01	1.796006157053295094e-05
2.595000000000000995e+01	6.634059539342216150e-06
2.600000000000000711e+01	-4.091618170111968841e-06
2.605000000000000426e+01	-1.094249499933050041e-05
2.610000000000000853e+01	-1.290160597080284378e-05
2.615000000000000568e+01	-9.745330774063837203e-06
2.620000000000000995e+01	-4.435098528093255637e-06
2.625000000000000711e+01	2.191155007139240181e-06
2.630000000000000426e+01	5.519441350191060467e-06
2.635000000000000142e+01	4.685326739396008619e-06
2.640000000000000568e+01	-1.012102511994657522e-07
2.645000000000000284e+01	-8.654275136592149616e-06
2.650000000000000711e+01	-1.307058776927247763e-05
2.655000000000000426e+01	-1.392211040400964444e-05
2.660000000000000142e+01	-1.111487312085510177e-05
2.665000000000000568e+01	-4.764667764881284257e-06
2.670000000000000284e+01	1.529848619147200798e-06
2.675000000000000711e+01	5.167410839036183447e-06
2.680000000000000426e+01	7.290432423013610221e-06
2.685000000000000853e+01	3.397234602405025114e-06
2.690000000000001279e+01	-2.603912266865123866e-06
2.695000000000000995e+01	-1.107243851283612148e-05
2.700000000000000711e+01	-1.351802269188418576e-05
2.705000000000000426e+01	-1.262128280287668403e-05
2.710000000000000853e+01	-8.246990854090491970e-06
2.715000000000000568e+01	-4.560858313178122353e-07
2.720000000000000995e+01	6.150811388000054062e-06
2.725000000000000711e+01	1.138403581120948159e-05
2.730000000000000426e+01	1.136556361190476195e-05
2.735000000000000853e+01	9.901932302415361749e-06
2.740000000000000568e+01	5.318592317589812939e-06
2.745000000000000995e+01	2.388533864462733360e-07
2.750000000000000711e+01	-3.279774752129409508e-06
2.755000000000000426e+01	-3.660279691133444900e-07
2.760000000000000853e+01	3.106357951842926594e-06
2.765000000000000568e+01	5.726615825673821974e-06
2.770000000000000995e+01	1.030417740158234111e-05
2.775000000000000711e+01	1.092388564589774994e-05
2.780000000000000426e+01	6.709374563653968549e-06
2.785000000000000853e+01	4.253665948216617841e-06
2.790000000000000568e+01	-1.984121730072898657e-06
2.795000000000000284e+01	-4.427437590849718404e-06
2.800000000000000711e+01	-6.080258249510287905e-06
2.805000000000000426e+01	-3.858406038454695193e-06
2.810000000000000142e+01	6.224991549821681310e-07
2.815000000000000568e+01	7.744957159012653495e-06
2.820000000000000284e+01	1.243385008157603677e-05
2.825000000000000711e+01	1.396534841870934946e-05
2.830000000000000426e+01	1.496714555636889799e-05
2.835000000000000853e+01	1.330202287577864768e-05
2.840000000000001279e+01	1.229010657688858627e-05
2.845000000000000995e+01	9.268903051334469222e-06
2.850000000000000711e+01	4.554681102258056256e-06
2.855000000000001137e+01	1.386261786675226972e-06
2.860000000000000853e+01	-1.950226900748592199e-06
2.865000000000000568e+01	-5.152827838454208293e-06
2.870000000000000995e+01	-6.231943505726485071e-06
2.875000000000000711e+01	-6.695862771979623539e-06
2.880000000000000426e+01	-6.106941936795541396e-06
2.885000000000000853e+01	-5.721929550460878304e-06
2.890000000000000568e+01	-2.683458847703815897e-06
2.895000000000000995e+01	-1.195748196814077613e-06
2.900000000000000711e+01	1.191974172391152078e-06
2.905000000000000426e+01	4.953205631944315589e-06
2.910000000000000853e+01	3.995535373237271293e-06
2.915000000000000568e+01	2.559067614642600095e-06
2.920000000000000995e+01	-6.679757712253795475e-09
2.925000000000000711e+01	-3.027655748084740804e-06
2.930000000000000426e+01	-4.762869639095100882e-06
2.935000000000000853e+01	-3.860655014477115680e-06
2.940000000000000568e+01	-2.594941331860286503e-06
2.945000000000000995e+01	-1.124565380205757578e-07
2.950000000000000711e+01	4.370380242719359480e-06
2.955000000000000426e+01	8.728872563472510636e-06
2.960000000000000142e+01	8.021052287184386777e-06
2.965000000000000568e+01	7.140654312531516091e-06
2.970000000000000284e+01	2.443856916228031014e-06
2.975000000000000711e+01	-3.081774129425518796e-06
2.980000000000000426e+01	-7.066901438570287351e-06
2.985000000000000853e+01	-8.427769841795484414e-06
2.990000000000001279e+01	-6.926897142257876345e-06
2.995000000000000995e+01	-1.134333919216669965e-06
3.000000000000000711e+01	6.700174159242622206e-06
3.005000000000001137e+01	1.373493264871623269e-05
3.010000000000000853e+01	1.998365625865253483e-05
3.015000000000001279e+01	1.953385613068683548e-05
3.020000000000000995e+01	1.620345778990199865e-05
3.025000000000000711e+01	4.810560591151473239e-06
3.030000000000000426e+01	-7.245098763573077245e-06
3.035000000000000853e+01	-1.911682915745223626e-05
3.040000000000000568e+01	-2.844789907570201764e-05
3.045000000000000995e+01	-3.375943868185451383e-05
3.050000000000000711e+01	-3.329974376274466477e-05
3.055000000000000426e+01	-2.979539020380151629e-05
3.060000000000000853e+01	-2.171736919115411124e-05
3.065000000000000568e+01	-1.014125676053982813e-05
3.070000000000000995e+01	-5.346271427335029235e-07
3.075000000000000711e+01	6.198533111815920971e-06
3.080000000000000426e+01	1.082485772788157238e-05
3.085000000000000853e+01	1.136288260037905367e-05
3.090000000000000568e+01	8.416061978581970628e-06
3.095000000000000995e+01	7.655660150541494503e-06
3.100000000000000711e+01	5.039587587678985812e-06
3.105000000000000426e+01	3.305490623618931975e-06
3.110000000000000142e+01	3.402656938105056134e-06
3.115000000000000568e+01	2.714945918726713993e-06
3.120000000000000284e+01	2.330335499490349992e-06
3.125000000000000711e+01	-8.281494612575521378e-07
3.130000000000000426e+01	-4.294285901618603522e-06
3.135000000000000853e+01	-8.120328137662768440e-06
3.140000000000001279e+01	-1.283291074323198972e-05
3.145000000000000995e+01	-1.670484510219184454e-05
3.150000000000000711e+01	-1.613330433260839266e-05
3.155000000000001137e+01	-1.426070033813357610e-05
3.160000000000000853e+01	-9.740537940643734181e-06
3.165000000000001279e+01	-2.419055757269285086e-06
3.170000000000000995e+01	6.108871941550982903e-06
3.175000000000000711e+01	1.419870878232806855e-05
3.180000000000001137e+01	1.933634275681469697e-05
3.185000000000000853e+01	2.026442939762180702e-05
3.190000000000000568e+01	1.799702038790969408e-05
3.195000000000000284e+01	1.332616938753399541e-05
3.200000000000000711e+01	5.650525001345578324e-06
3.205000000000001137e+01	-1.706198231871365987e-06
3.210000000000000853e+01	-1.105631639676358675e-05
3.215000000000000568e+01	-1.653653324888604251e-05
3.220000000000000284e+01	-2.131197833897375440e-05
3.225000000000000711e+01	-2.223841315173124390e-05
3.230000000000001137e+01	-2.044215811268715994e-05
3.235000000000000853e+01	-1.220643447021423880e-05
3.240000000000000568e+01	-4.724670456052824608e-06
3.245000000000000284e+01	2.915606979837111326e-06
3.250000000000000711e+01	1.122157551568899234e-05
3.255000000000001137e+01	1.466736813041360764e-05
3.260000000000000853e+01	1.590386481866504152e-05
3.265000000000000568e+01	1.434523774668488524e-05
3.270000000000000284e+01	9.622970477129202566e-06
3.275000000000000711e+01	4.432825638017742139e-06
3.280000000000001137e+01	2.525977247030770785e-06
3.285000000000001563e+01	2.732901855826442608e-06
3.290000000000001279e+01	5.439269663038083788e-06
3.295000000000000284e+01	9.125064945466403754e-06
3.300000000000000711e+01	1.093179099883097897e-05
3.305000000000001137e+01	1.013321144006055843e-05
3.310000000000000853e+01	4.090825313748786968e-06
3.315000000000000568e+01	-4.800594585363924726e-06
3.320000000000000284e+01	-1.404311867775143951e-05
3.325000000000000711e+01	-2.173040955947301282e-05
3.330000000000001137e+01	-2.308059787625178484e-05
3.335000000000000853e+01	-1.769883641158029794e-05
3.340000000000000568e+01	-2.044960312009836947e-06
3.345000000000000284e+01	1.327195851507611323e-05
3.350000000000000711e+01	2.807717076428567596e-05
3.355000000000001137e+01	3.536809905222369608e-05
3.360000000000000853e+01	3.670450636839221698e-05
3.365000000000000568e+01	2.819991720284230092e-05
3.370000000000000284e+01	1.696639292502261361e-05
3.375000000000000711e+01	3.637431571790103825e-06
3.380000000000001137e+01	-8.424477439368291179e-06
3.385000000000000853e+01	-1.540342703495385418e-05
3.390000000000000568e+01	-1.685758046668058954e-05
3.395000000000000284e+01	-1.150899640974064333e-05
3.400000000000000711e+01	-4.247766034809246429e-06
3.405000000000001137e+01	1.886250830213683052e-07
3.410000000000000853e+01	4.128889628565168801e-06
3.415000000000000568e+01	4.397602172037813968e-06
3.420000000000000284e+01	3.210691448711683777e-06
3.425000000000000711e+01	2.038080098264310313e-06
3.430000000000001137e+01	8.223691181156411216e-07
3.435000000000000853e+01	6.659430767125415132e-08
3.440000000000001279e+01	1.865894520034824303e-06
3.445000000000000995e+01	5.385134401189240789e-06
3.450000000000000711e+01	8.498832912299719020e-06
3.455000000000000426e+01	6.395355615727770109e-06
3.460000000000000853e+01	4.968398968396018617e-06
3.465000000000000568e+01	1.646661207441696382e-06
3.470000000000000284e+01	-3.209945365422932116e-06
3.475000000000000711e+01	-8.055414847252997048e-06
3.480000000000000426e+01	-1.173926412361093942e-05
3.485000000000000853e+01	-1.264620177371463292e-05
3.490000000000000568e+01	-1.371277205839929164e-05
3.495000000000000284e+01	-9.110867207313289994e-06
3.500000000000000711e+01	-3.057381619432847886e-06
3.505000000000000426e+01	2.450685081740356857e-06
3.510000000000000853e+01	1.052174341232679455e-05
3.515000000000000568e+01	1.588651904159641559e-05
3.520000000000000284e+01	2.246513683810099965e-05
3.525000000000000711e+01	2.461190367008997922e-05
3.530000000000000426e+01	2.417479065064418798e-05
3.535000000000000853e+01	1.941723292059219396e-05
3.540000000000000568e+01	1.078786092936168277e-05
3.545000000000000284e+01	-1.150874531218317349e-06
3.550000000000000711e+01	-1.321070530565982392e-05
3.555000000000000426e+01	-2.225018150343199309e-05
3.560000000000000853e+01	-2.741449230749747092e-05
3.565000000000000568e+01	-2.918349165620696953e-05
3.570000000000000284e+01	-2.587050784539339797e-05
3.575000000000000711e+01	-1.989359224209617214e-05
3.580000000000001137e+01	-1.213355832764063843e-05
3.585000000000001563e+01	-6.395931487226864659e-06
3.590000000000001279e+01	1.573827793654136857e-07
3.595000000000000995e+01	6.426148300017866104e-06
3.600000000000001421e+01	1.088744731085301133e-05
3.605000000000001137e+01	1.203765734790489242e-05
3.610000000000000853e+01	1.015328552924520351e-05
3.615000000000000568e+01	6.767508571689354236e-06
3.620000000000000284e+01	3.591135547551235173e-06
3.625000000000000711e+01	-8.706955509652134579e-07
3.630000000000000426e+01	-4.469378619846422643e-06
3.635000000000000853e+01	-5.662955033794752031e-06
3.640000000000000568e+01	-5.894027912732027314e-06
3.645000000000000284e+01	-3.691373762827952935e-06
3.650000000000000711e+01	-1.888156920916032078e-07
3.655000000000000426e+01	1.278763546221518011e-07
3.660000000000000853e+01	1.647040667195909080e-06
3.665000000000000568e+01	-9.817474900438738586e-08
3.670000000000000284e+01	-6.558569731436540639e-07
3.675000000000000711e+01	-7.401997283363373447e-08
3.680000000000000426e+01	5.602656452277271951e-07
3.685000000000000853e+01	4.334763425733789065e-06
3.690000000000000568e+01	6.395126146321260705e-06
3.695000000000000284e+01	1.033661347366802473e-05
3.700000000000000711e+01	1.445572752967725425e-05
3.705000000000000426e+01	1.173968965308507945e-05
3.710000000000000853e+01	7.126568583582958300e-06
3.715000000000000568e+01	-1.222795870054484989e-06
3.720000000000000284e+01	-8.111844803166936630e-06
3.725000000000000711e+01	-1.436460566794880987e-05
3.730000000000000426e+01	-1.695036013497192877e-05
3.735000000000000853e+01	-1.586052534507831916e-05
3.740000000000000568e+01	-1.273064651531021056e-05
3.745000000000000284e+01	-6.782647574005721778e-06
3.750000000000000711e+01	-1.815031263332596377e-06
3.755000000000000426e+01	2.986700646262212751e-06
3.760000000000000853e+01	5.297994405139272400e-06
3.765000000000000568e+01	3.457495554456611006e-06
3.770000000000000284e+01	3.591314199594923941e-06
3.775000000000000711e+01	1.723280075162850042e-06
3.780000000000000426e+01	5.022856718284354386e-07
3.785000000000000142e+01	1.394031568028058251e-06
3.789999999999999858e+01	1.356609415872652324e-06
3.794999999999999574e+01	2.367212200228903209e-06
3.800000000000000000e+01	1.230058005294983996e-06
3.805000000000000426e+01	3.039845409132612929e-07
3.810000000000000142e+01	-1.650250601307659896e-06
3.815000000000001279e+01	-4.372396232562757408e-06
3.820000000000000995e+01	-7.669411434424013230e-06
3.825000000000001421e+01	-7.057624016840893513e-06
3.830000000000001137e+01	-6.535246847803869759e-06
3.835000000000001563e+01	-4.525400981826041746e-06
3.840000000000001279e+01	-2.891972334321113814e-06
3.845000000000000995e+01	-1.613436850797099861e-06
3.850000000000001421e+01	2.577419716165981436e-07
3.855000000000001137e+01	1.051634024303696026e-06
3.860000000000001563e+01	3.096335326017909172e-07
3.865000000000001279e+01	2.045854099744157631e-06
3.870000000000000995e+01	2.463793675446022197e-06
3.875000000000001421e+01	2.434901279183627696e-06
3.880000000000001137e+01	3.356204417489333453e-06
3.885000000000001563e+01	4.805968389603267685e-06
3.890000000000001279e+01	4.794404538224183728e-06
3.895000000000000995e+01	4.104988411692642637e-06
3.900000000000001421e+01	3.155623362953619500e-06
3.905000000000001137e+01	9.455875075435841301e-07
3.910000000000001563e+01	9.788475594291929639e-07
3.915000000000001279e+01	1.941840453335508458e-07
3.920000000000000995e+01	2.532255389321976011e-06
3.925000000000000711e+01	4.405705695102182696e-06
3.930000000000000426e+01	5.106792055381341480e-06
3.935000000000000853e+01	4.645041406898689311e-06
3.940000000000000568e+01	1.827684610836381255e-06
3.945000000000000284e+01	-1.258188141115064501e-06
3.950000000000000711e+01	-4.401062676191155659e-06
3.955000000000000426e+01	-9.009362953931691621e-06
3.960000000000000853e+01	-1.044539727031406332e-05
3.965000000000000568e+01	-9.558077408161382027e-06
3.970000000000000284e+01	-6.623331976466856315e-06
3.975000000000000711e+01	-1.672121057892231568e-06
3.980000000000000426e+01	4.821901479153197254e-06
3.985000000000000853e+01	6.928883591212159029e-06
3.990000000000000568e+01	8.971301100856066710e-06
3.995000000000000284e+01	7.685581554441356207e-06
4.000000000000000711e+01	5.111566249907124188e-06
4.005000000000000426e+01	4.508969565610940273e-06
4.010000000000000853e+01	3.240767238924890853e-06
4.015000000000000568e+01	2.269327584956883939e-06
4.020000000000000284e+01	2.667356249718732102e-06
4.025000000000000711e+01	2.681636280348663936e-06
4.030000000000000426e+01	3.632415950831266055e-06
4.035000000000000853e+01	4.284390582958576114e-06
4.040000000000000568e+01	3.921602264684723247e-06
4.045000000000000284e+01	1.708230750545577056e-06
4.050000000000000711e+01	1.645151457001625008e-07
4.055000000000000426e+01	-2.362713017313681233e-06
4.060000000000000853e+01	-3.329984416659992080e-06
4.065000000000000568e+01	-3.892578516968946614e-06
4.070000000000000284e+01	-2.587236259121704560e-06
4.075000000000000711e+01	2.368641240739787682e-07
4.080000000000000426e+01	4.057405248713810633e-06
4.085000000000000853e+01	6.162199400753461638e-06
4.090000000000000568e+01	8.445995339508379261e-06
4.095000000000000284e+01	7.924801036906291236e-06
4.100000000000000000e+01	4.847833983829554967e-06
4.105000000000000426e+01	1.182933429451920416e-06
4.110000000000000142e+01	-4.074282240006379909e-06
4.115000000000001279e+01	-8.420675456603883267e-06
4.120000000000000995e+01	-1.097710039254117025e-05
4.125000000000001421e+01	-1.692984803177071480e-05
4.130000000000001137e+01	-1.763112341857247874e-05
4.135000000000001563e+01	-1.679281628742539082e-05
4.140000000000001279e+01	-1.435314046203873003e-05
4.145000000000000995e+01	-1.126232769973748484e-05
4.150000000000001421e+01	-5.672057320252971103e-06
4.155000000000001137e+01	-2.053200813363608242e-07
4.160000000000001563e+01	5.696826124904591940e-06
4.165000000000001279e+01	1.016312809631752682e-05
4.170000000000000995e+01	1.364145103263118777e-05
4.175000000000001421e+01	1.490260820894082445e-05
4.180000000000001137e+01	1.385710497416001501e-05
4.185000000000001563e+01	1.158241888292422385e-05
4.190000000000001279e+01	4.196087590238375004e-06
4.195000000000000995e+01	-1.961442415810208817e-06
4.200000000000001421e+01	-6.449500372862399727e-06
4.205000000000001137e+01	-9.374026239471148895e-06
4.210000000000001563e+01	-8.903490869088250017e-06
4.215000000000001279e+01	-7.341428613716849972e-06
4.220000000000000995e+01	-4.466359470643532292e-06
4.225000000000001421e+01	-2.186128308346984405e-06
4.230000000000001137e+01	2.057493210055032505e-06
4.235000000000001563e+01	2.945682945888944865e-06
4.240000000000000568e+01	3.932894445387134858e-06
