# distance_x[ps] 	  Amplitude [V]
1.230000000000000426e+01	-2.124095430464442102e-07
1.220000000000000284e+01	-2.186754118015772362e-06
1.210000000000000142e+01	-3.322517956936455776e-06
1.200000000000000000e+01	-3.042750790744689251e-06
1.190000000000000213e+01	-1.348311239449658957e-06
1.180000000000000426e+01	4.619883823045695195e-07
1.170000000000000284e+01	3.246088994931033869e-06
1.160000000000000142e+01	4.141863354044938429e-06
1.150000000000000355e+01	3.601576669305365040e-06
1.140000000000000213e+01	4.622101148115493583e-07
1.130000000000000071e+01	-1.558357159689740309e-06
1.120000000000000284e+01	-2.484908905133307031e-06
1.110000000000000497e+01	-1.728327347074309383e-06
1.100000000000000000e+01	2.752776544009569428e-07
1.090000000000000213e+01	2.360328645549488188e-06
1.080000000000000071e+01	3.427748054957544761e-06
1.070000000000000284e+01	2.937718862854739119e-06
1.060000000000000497e+01	2.409018185161085697e-06
1.050000000000000000e+01	2.206617200849604436e-06
1.040000000000000213e+01	6.217910528365631592e-07
1.030000000000000426e+01	-1.777437668517154243e-06
1.020000000000000284e+01	-1.734473082880379419e-06
1.010000000000000142e+01	-7.831504227216835229e-07
1.000000000000000000e+01	6.653673810520715198e-07
9.900000000000003908e+00	-3.162016327867392130e-07
9.800000000000000711e+00	-9.073561460328081692e-07
9.700000000000001066e+00	7.757437481308771521e-08
9.600000000000001421e+00	1.304576480632414693e-06
9.500000000000000000e+00	7.053293463167695569e-07
9.400000000000002132e+00	-1.590016904243054343e-06
9.300000000000000711e+00	-3.120958360448842755e-06
9.200000000000002842e+00	-3.026157075478087171e-06
9.100000000000001421e+00	-1.334671085578569393e-06
9.000000000000001776e+00	-1.087523566997693114e-06
8.900000000000002132e+00	9.342024840468142390e-08
8.800000000000000711e+00	5.797687863947963389e-07
8.700000000000002842e+00	1.556202784847933938e-06
8.600000000000001421e+00	1.091507894416929623e-06
8.500000000000003553e+00	-8.136058485277294427e-07
8.400000000000002132e+00	-1.672995503377727783e-06
8.300000000000002487e+00	-1.516542382826273451e-06
8.200000000000002842e+00	-5.575016378706954793e-08
8.100000000000001421e+00	6.831592607140429510e-07
8.000000000000001776e+00	2.982966888884567435e-07
7.900000000000002132e+00	-4.276652100881116022e-07
7.800000000000001599e+00	5.431416006660804109e-07
7.700000000000002842e+00	2.074002698619934741e-06
7.600000000000002309e+00	1.718813422393378561e-06
7.500000000000001776e+00	-2.024794083385335989e-07
7.400000000000001243e+00	-2.101791179990323199e-06
7.300000000000001599e+00	-1.689212748146753261e-06
7.200000000000001954e+00	-6.053490863039211628e-07
7.100000000000002309e+00	4.629400209467385269e-07
7.000000000000001776e+00	7.954396084316894302e-07
6.900000000000001243e+00	1.045725846480917091e-06
6.800000000000001599e+00	4.852755706962281930e-07
6.700000000000001954e+00	6.794047543785675013e-07
6.600000000000002309e+00	1.230227337891511971e-06
6.500000000000001776e+00	5.412249596461908617e-07
6.400000000000001243e+00	-9.632371337573819916e-07
6.300000000000001599e+00	-1.667117569798565495e-06
6.200000000000001954e+00	-7.193364753996491027e-07
6.100000000000001421e+00	9.505779835789497937e-07
6.000000000000001776e+00	1.344968195498269642e-06
5.900000000000001243e+00	8.022922155129846008e-07
5.800000000000000711e+00	-5.586217299162634454e-09
5.700000000000001954e+00	-6.172443934924084038e-07
5.600000000000001421e+00	-1.490453909288939403e-06
5.500000000000001776e+00	-1.122136872946519664e-06
5.400000000000002132e+00	-1.976566823520645781e-08
5.300000000000000711e+00	-2.347640833675070622e-07
5.200000000000001066e+00	-9.871119748360565286e-07
5.100000000000001421e+00	-7.185045828615666361e-07
5.000000000000001776e+00	-5.312206210382441109e-07
4.900000000000000355e+00	6.145531833264074411e-07
4.800000000000000711e+00	1.942007500029902640e-07
4.700000000000001954e+00	-2.083161956792873265e-07
4.600000000000001421e+00	1.316414112751679862e-07
4.500000000000000888e+00	1.396950313375686848e-06
4.400000000000001243e+00	7.231358205846724657e-07
4.300000000000001599e+00	-1.634316280887350383e-06
4.200000000000001066e+00	-2.853134505390374578e-06
4.100000000000000533e+00	-1.477017728223636329e-06
4.000000000000001776e+00	1.662234003647612107e-06
3.900000000000001688e+00	3.611738207644668175e-06
3.800000000000000711e+00	2.268067173688024291e-06
3.700000000000001066e+00	-6.672792744290677593e-07
3.600000000000001421e+00	-2.866778703549854567e-06
3.500000000000001776e+00	-3.027986676378266290e-06
3.400000000000000355e+00	-1.863043296719456369e-06
3.300000000000000711e+00	1.955132095050504645e-07
3.200000000000001066e+00	2.948049030436066709e-06
3.100000000000001421e+00	4.639933822338622926e-06
3.000000000000000444e+00	3.716113378267711453e-06
2.900000000000000799e+00	9.770608631536794600e-07
2.800000000000001155e+00	-2.751585061481975685e-06
2.700000000000000178e+00	-2.676720535729211284e-06
2.600000000000000533e+00	-9.746102002276059065e-08
2.500000000000000888e+00	1.838319858433260397e-06
2.400000000000001243e+00	5.964963148555392730e-07
2.300000000000000266e+00	-4.120168032731543111e-07
2.200000000000000622e+00	1.166396685900038053e-06
2.100000000000000977e+00	3.066041495908861503e-06
2.000000000000001332e+00	2.116137853459386561e-06
1.900000000000000133e+00	-1.935134319829403215e-06
1.800000000000000488e+00	-6.427087454117611653e-06
1.700000000000000844e+00	-7.217114925489559357e-06
1.600000000000001421e+00	-4.141263568492750868e-06
1.500000000000000222e+00	-1.370428045948805252e-06
1.400000000000000799e+00	-1.569170707653056776e-06
1.300000000000000933e+00	-4.731471894094048018e-06
1.200000000000001066e+00	-4.918794012899141683e-06
1.100000000000000089e+00	-1.541151174328527529e-06
1.000000000000000444e+00	2.384779006450006468e-06
9.000000000000010214e-01	3.405374699903534973e-06
7.999999999999998224e-01	2.259797834799642225e-06
7.000000000000001776e-01	1.164047130183729350e-06
6.000000000000005329e-01	1.652838418361762373e-06
5.000000000000008882e-01	1.221298955834088568e-06
3.999999999999999112e-01	-7.698181622841560986e-07
3.000000000000002665e-01	-5.337189362318763768e-07
2.000000000000006217e-01	4.803801706057664001e-06
1.000000000000005329e-01	1.200882983609537372e-05
0.000000000000000000e+00	1.526820467006675635e-05
-9.999999999999964473e-02	1.171065728927664597e-05
-1.999999999999992895e-01	3.653267950095910623e-06
-2.999999999999989342e-01	-3.967184911619216560e-06
-3.999999999999999112e-01	-6.583741030702337838e-06
-4.999999999999995559e-01	-5.518620183809144352e-06
-5.999999999999992006e-01	-3.145200352577933101e-06
-7.000000000000001776e-01	-9.545842908263961671e-07
-8.000000000000002665e-01	-1.018807238791757551e-07
-8.999999999999994671e-01	-3.358718206482025909e-07
-9.999999999999991118e-01	-9.044961307861563949e-07
-1.100000000000000533e+00	-2.546946530658742749e-06
-1.200000000000000178e+00	-2.762841195266123858e-06
-1.299999999999999822e+00	-2.449090401244083761e-06
-1.399999999999999467e+00	-2.145229299046048415e-06
-1.499999999999999556e+00	-1.732195093484721804e-06
-1.599999999999998757e+00	-1.004468653899475276e-06
-1.700000000000001066e+00	-9.816731103052117331e-07
-1.800000000000000711e+00	-5.497805638171769626e-07
-1.900000000000000355e+00	-4.077973796113862708e-07
-2.000000000000000000e+00	-9.035116103209856622e-08
-2.100000000000000533e+00	-1.023672693564266359e-07
-2.199999999999999289e+00	-1.085022790063301360e-07
-2.299999999999998934e+00	-5.417675976450329982e-08
-2.400000000000002132e+00	-5.724619881433748754e-08
-2.500000000000000888e+00	2.732920846398015953e-07
-2.600000000000000533e+00	5.643990838015384970e-07
-2.699999999999999289e+00	4.592511024186409124e-07
