# distance_x[ps] 	  Amplitude [V]
4.225000000000000711e+01	-2.788607180763964501e-07
4.220000000000000995e+01	-2.592462710592730573e-07
4.215000000000000568e+01	8.604416973474298423e-08
4.210000000000000853e+01	-3.522861805166130707e-07
4.205000000000000426e+01	-4.458193173189797057e-07
4.200000000000000711e+01	6.756476104637068942e-08
4.195000000000000995e+01	1.641384993639603900e-07
4.190000000000000568e+01	2.945121141479906323e-09
4.185000000000000853e+01	-1.590477953119582177e-07
4.180000000000000426e+01	4.417776665077721973e-07
4.175000000000000711e+01	2.087598365318727782e-07
4.170000000000000995e+01	2.228756338854212039e-07
4.165000000000000568e+01	-3.566657931663735919e-08
4.160000000000000853e+01	8.355441788218124796e-07
4.155000000000000426e+01	1.702749157228692897e-07
4.150000000000000711e+01	-1.978815799543066851e-07
4.145000000000000284e+01	9.063373370356303645e-08
4.140000000000000568e+01	-1.397120525165343007e-07
4.135000000000000142e+01	-4.335689919452486177e-07
4.129999999999999716e+01	-2.824759602203350623e-07
4.125000000000000000e+01	-4.962765626345174798e-07
4.120000000000000284e+01	-4.820334581159782588e-08
4.115000000000000568e+01	-4.669447456465537265e-07
4.110000000000000142e+01	1.621218061660600005e-07
4.104999999999999716e+01	3.442751485693515506e-07
4.100000000000000000e+01	8.054182746002873073e-08
4.095000000000000284e+01	3.843484196841038896e-07
4.090000000000000568e+01	1.641611825466728227e-07
4.085000000000000142e+01	4.300344597304965615e-08
4.080000000000000426e+01	2.304980624699344254e-07
4.075000000000000711e+01	5.521967623726175110e-07
4.070000000000000995e+01	-3.279678744239789092e-07
4.065000000000000568e+01	-3.496813071158200244e-07
4.060000000000000853e+01	-3.887841248554557326e-07
4.055000000000000426e+01	-4.233914522910091352e-07
4.050000000000000711e+01	-7.503311982706491827e-07
4.045000000000000995e+01	9.211112983650910701e-08
4.040000000000000568e+01	-2.037640853377366940e-07
4.035000000000000853e+01	8.540569968490632533e-08
4.030000000000000426e+01	-3.996926256766383938e-07
4.025000000000000711e+01	-1.626181986063488374e-07
4.020000000000000995e+01	3.341695269130143869e-07
4.015000000000000568e+01	-3.523137871808445343e-07
4.010000000000000853e+01	1.625450497380668402e-07
4.005000000000000426e+01	3.655547873716451172e-07
4.000000000000000000e+01	-2.205561465741034005e-08
3.995000000000000284e+01	4.468091129429209119e-07
3.990000000000000568e+01	1.040798848189421031e-06
3.985000000000000142e+01	-4.232576390968682807e-07
3.979999999999999716e+01	-4.249919354619298684e-07
3.975000000000000000e+01	9.798959093154841339e-09
3.970000000000000284e+01	-1.667762545877552147e-07
3.965000000000000568e+01	-1.348933708184558897e-07
3.960000000000000142e+01	-3.171274231509335989e-07
3.954999999999999716e+01	-1.481341951706308573e-07
3.950000000000000000e+01	-6.682998418125024591e-07
3.945000000000000284e+01	-2.194786074759489578e-07
3.940000000000000568e+01	1.569823948147450528e-07
3.935000000000000142e+01	-1.403037494919406153e-07
3.929999999999999716e+01	5.007706462295944918e-07
3.925000000000000000e+01	-2.099358452604068610e-07
3.920000000000000995e+01	2.809934647672441866e-07
3.915000000000000568e+01	1.972489125791174253e-07
3.910000000000000853e+01	-2.367436746153893688e-07
3.905000000000000426e+01	-8.875910053134788090e-07
3.900000000000000711e+01	-1.279843195383180606e-07
3.895000000000000995e+01	-2.943556177711369746e-07
3.890000000000000568e+01	1.069974520477783098e-07
3.885000000000000853e+01	-5.304476344397638713e-07
3.880000000000000426e+01	6.715576040304379206e-08
3.875000000000000711e+01	7.589212668122679975e-08
3.870000000000000995e+01	2.517759428859712028e-07
3.865000000000000568e+01	-2.340514094176343167e-07
3.860000000000000853e+01	6.806906622481501158e-08
3.855000000000000426e+01	-5.161665487780783447e-07
3.850000000000000711e+01	-1.313633049047957457e-06
3.845000000000000995e+01	-5.062821321128439618e-07
3.840000000000000568e+01	-6.581449853409755680e-07
3.835000000000000142e+01	-9.319447160931117381e-09
3.829999999999999716e+01	-7.239086313445270899e-07
3.825000000000000000e+01	-2.413174131078983710e-07
3.820000000000000284e+01	-6.397647496374855999e-07
3.815000000000000568e+01	-3.834467192116273889e-07
3.810000000000000142e+01	2.242301188190184125e-07
3.804999999999999716e+01	-3.387299016699718546e-07
3.800000000000000000e+01	-5.298232314799814731e-07
3.795000000000000284e+01	2.074785004665576197e-07
3.790000000000000568e+01	4.175070126826967481e-07
3.785000000000000142e+01	-1.758695732760645137e-07
3.779999999999999716e+01	3.104954935448642569e-07
3.775000000000000000e+01	-1.951335739122117538e-07
3.770000000000000284e+01	-3.137194947466693338e-07
3.765000000000000568e+01	-2.317932897866781498e-07
3.760000000000000853e+01	-3.226964082647797374e-07
3.755000000000000426e+01	-2.289197349658491728e-07
3.750000000000000711e+01	-1.129436110137036701e-07
3.745000000000000995e+01	1.666276709490573467e-07
3.740000000000000568e+01	3.093346069381383920e-07
3.735000000000000853e+01	-7.088211497454822228e-07
3.730000000000000426e+01	-5.335411633813158978e-07
3.725000000000000711e+01	-5.132965107297627872e-07
3.720000000000000995e+01	-3.592196733657200687e-07
3.715000000000000568e+01	-8.256831486937933085e-07
3.710000000000000853e+01	-1.914791197547470120e-07
3.704999999999999716e+01	4.549859607141966702e-08
3.700000000000000000e+01	8.217700359179562340e-07
3.695000000000000284e+01	9.052685898687596825e-07
3.690000000000000568e+01	1.026218485186831590e-06
3.685000000000000142e+01	3.697666499725089427e-07
3.679999999999999716e+01	-2.996847589995584832e-07
3.675000000000000000e+01	1.333658606771915913e-07
3.670000000000000284e+01	-6.245506642279527564e-07
3.665000000000000568e+01	1.741605976731005160e-07
3.660000000000000142e+01	-6.922782518417012032e-07
3.654999999999999716e+01	-7.645776437230761947e-07
3.650000000000000000e+01	-9.263470692832776643e-07
3.645000000000000284e+01	1.072805522351197851e-07
3.640000000000000568e+01	-3.424664724656282344e-07
3.635000000000000142e+01	1.715260075445678802e-07
3.629999999999999716e+01	-3.495921569326012030e-07
3.625000000000000000e+01	-1.049223804261528307e-07
3.620000000000000284e+01	-2.537193113769638739e-07
3.615000000000000568e+01	-1.310330096303222534e-07
3.610000000000000142e+01	2.691945171456284863e-07
3.605000000000000426e+01	4.311199115668061851e-07
3.600000000000000711e+01	-4.349862512682128360e-07
3.595000000000000995e+01	9.494607049513922165e-07
3.590000000000000568e+01	-2.918499173552262682e-07
3.585000000000000853e+01	2.818432928451457761e-07
3.580000000000000426e+01	1.939584443768060656e-07
3.575000000000000711e+01	-4.482304165542757136e-07
3.570000000000000995e+01	-6.169567215007993401e-07
3.565000000000000568e+01	-9.616781485021215262e-07
3.560000000000000853e+01	-9.354314202016772960e-07
3.555000000000000426e+01	-7.508045558509740650e-07
3.550000000000000711e+01	-3.352488243974255924e-07
3.545000000000000995e+01	-6.081334909415314244e-07
3.540000000000000568e+01	2.541212784752636542e-07
3.535000000000000853e+01	-2.878991751134942115e-07
3.530000000000000426e+01	5.515771070557284226e-07
3.525000000000000000e+01	9.372501191070642365e-07
3.520000000000000284e+01	1.060287570589184524e-06
3.515000000000000568e+01	6.042485123458029773e-07
3.510000000000000142e+01	-3.468545253694213121e-07
3.504999999999999716e+01	-7.542655875201931314e-07
3.500000000000000000e+01	-6.990179705253112686e-07
3.495000000000000284e+01	-1.153420850356759981e-06
3.490000000000000568e+01	-8.641348360025437085e-07
3.485000000000000142e+01	-3.470330015744844115e-07
3.479999999999999716e+01	-8.058007236111367643e-07
3.475000000000000000e+01	-1.103419730436230746e-06
3.470000000000000284e+01	-8.333238644953774131e-08
3.465000000000000568e+01	-4.626015315923084561e-07
3.460000000000000142e+01	4.248563638815321188e-07
3.454999999999999716e+01	-2.063399453652928771e-07
3.450000000000000711e+01	3.105225726932186097e-07
3.445000000000000995e+01	-4.812887815362320105e-07
3.440000000000000568e+01	-2.239030589752574187e-07
3.435000000000000853e+01	-5.423255336043091531e-07
3.430000000000000426e+01	-1.620546358110510112e-08
3.425000000000000711e+01	-1.001487134162479749e-07
3.420000000000000995e+01	-5.461829055358061896e-08
3.415000000000000568e+01	-4.514247010283412539e-07
3.410000000000000853e+01	-3.030868847291753227e-07
3.404999999999999716e+01	-2.517305765205462317e-08
3.400000000000000000e+01	3.253893768170361128e-09
3.395000000000000284e+01	-2.857041815491563909e-07
3.390000000000000568e+01	-5.023350824822510461e-07
3.385000000000000853e+01	-5.832697334320442875e-07
3.379999999999999716e+01	-1.746021284621778682e-07
3.375000000000000000e+01	-7.277570355061146178e-07
3.370000000000000284e+01	-1.815437098880660861e-07
3.365000000000000568e+01	8.032466675731646721e-08
3.360000000000000853e+01	5.419063343206927645e-07
3.354999999999999716e+01	9.789129713979451838e-07
3.350000000000000000e+01	8.394704794945753673e-07
3.345000000000000284e+01	1.083546273123483551e-06
3.340000000000000568e+01	3.444207429514129245e-07
3.335000000000000853e+01	-3.578966635461192653e-07
3.329999999999999716e+01	-4.978434606279336025e-07
3.325000000000000000e+01	-1.338857451578709987e-06
3.320000000000000284e+01	-1.089348420254978711e-06
3.315000000000000568e+01	-5.821097260184468171e-07
3.310000000000000853e+01	-4.151920971756465596e-07
3.304999999999999716e+01	-3.272879064584823531e-07
3.300000000000000000e+01	3.629453421665843766e-07
3.295000000000000284e+01	4.255461788100667369e-07
3.290000000000001279e+01	4.664492323993932578e-07
3.285000000000000853e+01	-2.586141311999608290e-07
3.280000000000000426e+01	1.490983183552229780e-07
3.275000000000000711e+01	-8.955039193076120787e-08
3.270000000000000995e+01	-3.016817582713829076e-07
3.265000000000001279e+01	3.095058737595487985e-08
3.260000000000000853e+01	3.590338119383784759e-07
3.255000000000000426e+01	-1.242598816078335105e-07
3.250000000000000711e+01	9.637451315469658649e-08
3.245000000000000995e+01	5.583315961838953692e-07
3.240000000000001279e+01	1.188809780483451173e-08
3.235000000000000853e+01	-3.028254126927922172e-07
3.230000000000000426e+01	-6.322689248634605136e-07
3.225000000000000000e+01	-7.316673348639406814e-07
3.220000000000000284e+01	-7.562923035197571983e-07
3.215000000000000568e+01	-9.237369207237141974e-07
3.210000000000000142e+01	-1.764324327168595805e-07
3.204999999999999716e+01	3.030358915277287002e-07
3.200000000000000000e+01	-1.924661019606773926e-07
3.195000000000000639e+01	-2.519697170514683472e-07
3.190000000000000568e+01	3.669843553984068071e-07
3.185000000000000142e+01	3.629497381322263496e-07
3.180000000000000071e+01	1.752240696812007509e-07
3.175000000000000355e+01	2.373044239926763097e-07
3.170000000000000639e+01	4.792622413752937707e-07
3.165000000000000568e+01	3.561811819140052481e-07
3.160000000000000142e+01	-4.117315930223046041e-07
3.155000000000000782e+01	-2.940315471840125542e-07
3.150000000000001066e+01	-6.404883255821503379e-07
3.145000000000000639e+01	-6.927393007182287727e-07
3.140000000000000568e+01	-8.553960079836011456e-07
3.135000000000000853e+01	-8.382709083902002455e-07
3.130000000000000782e+01	-6.785264404433061595e-07
3.125000000000001066e+01	-1.423352131343978595e-07
3.120000000000000639e+01	1.558058585703339121e-07
3.115000000000000568e+01	-3.500779990553494369e-07
3.110000000000000142e+01	-1.720721623159236612e-08
3.105000000000000071e+01	2.022910851704325700e-07
3.100000000000000355e+01	-1.733018018252894709e-07
3.095000000000000639e+01	1.140139407282053141e-07
3.090000000000000213e+01	-7.569552151385630261e-07
3.085000000000000497e+01	-1.104368555660388875e-07
3.080000000000000426e+01	5.499877017182254826e-07
3.075000000000000355e+01	3.920438212982735988e-07
3.070000000000000639e+01	2.504801880533504205e-07
3.065000000000000213e+01	-1.502013540541007585e-07
3.060000000000000497e+01	-5.351337338140810796e-07
3.055000000000000426e+01	2.041064431419316269e-07
3.050000000000000355e+01	-8.770493038654603026e-07
3.045000000000000639e+01	-8.186578680820823053e-07
3.040000000000000213e+01	-1.073016528702011127e-06
3.035000000000000497e+01	-1.533582376524846219e-06
3.030000000000000426e+01	-5.288429311418268863e-07
3.025000000000000355e+01	-3.667557651850254798e-07
3.020000000000000639e+01	8.099302937351834422e-09
3.015000000000000568e+01	5.433744110064779899e-07
3.010000000000000853e+01	8.854623029110214971e-07
3.005000000000000782e+01	4.730273553860051780e-07
3.000000000000000711e+01	9.507722852603240489e-07
2.995000000000000639e+01	5.584687503119244514e-08
2.990000000000000568e+01	7.471312869605618322e-08
2.985000000000000853e+01	-2.327364881748147066e-07
2.980000000000000782e+01	-9.075507993914337611e-07
2.975000000000000711e+01	-8.223397530651527629e-07
2.970000000000000639e+01	-4.993729049940804114e-07
2.965000000000000568e+01	-1.012462981177297193e-07
2.960000000000000853e+01	5.448454769488997357e-07
2.955000000000000782e+01	5.273913832868555431e-07
2.950000000000000711e+01	4.207800728610662017e-08
2.945000000000000639e+01	2.003795434706875613e-07
2.940000000000000568e+01	-3.074450450666032485e-07
2.935000000000000853e+01	-3.817199839074699631e-07
2.930000000000001137e+01	-2.408832675410995917e-07
2.925000000000000355e+01	-2.258399214370999644e-07
2.920000000000000639e+01	-6.440267262466677062e-07
2.915000000000000213e+01	-2.145384212875270846e-07
2.910000000000000497e+01	-4.022647930930553831e-07
2.905000000000000426e+01	6.169897791624267868e-07
2.900000000000000355e+01	-3.505617311145894391e-07
2.895000000000000639e+01	-1.280827891686977007e-07
2.890000000000000213e+01	-2.828424079162478275e-07
2.885000000000000497e+01	-2.738164354215732060e-07
2.880000000000000426e+01	-9.297891103809233860e-07
2.875000000000000355e+01	-2.790314573819297192e-07
2.870000000000000639e+01	-1.958443136372020152e-07
2.865000000000000213e+01	-5.046832314895542966e-07
2.860000000000000853e+01	-5.156075577870479547e-07
2.855000000000000782e+01	-4.046314051560548674e-07
2.850000000000000711e+01	-1.481065885063993937e-07
2.845000000000000639e+01	-3.829376663902897173e-07
2.840000000000000568e+01	-2.449527008551641791e-07
2.835000000000000853e+01	5.702596093567587201e-07
2.830000000000000426e+01	2.046828421569039495e-07
2.825000000000000355e+01	6.435291029359990057e-07
2.820000000000000639e+01	1.173694692220175571e-07
2.815000000000000213e+01	2.124426007080716304e-07
2.810000000000000497e+01	1.465994756457137336e-07
2.805000000000000426e+01	-5.586379070698263350e-07
2.800000000000000355e+01	-4.602268309525278579e-07
2.795000000000000639e+01	1.550333994877306774e-07
2.790000000000000213e+01	-4.742413452576857384e-07
2.785000000000000497e+01	-4.097778500523969190e-07
2.780000000000000782e+01	-9.340793970088396558e-08
2.775000000000000711e+01	8.516831754024117114e-08
2.770000000000000639e+01	-1.413012820154115723e-07
2.765000000000000568e+01	-6.791274568658733987e-08
2.760000000000000853e+01	4.814338484024164853e-08
2.755000000000000426e+01	-1.594768415586123903e-08
2.750000000000000355e+01	-4.826724556816918830e-07
2.745000000000000639e+01	-7.702009629722569717e-07
2.740000000000000213e+01	-7.930900527153807271e-07
2.735000000000000497e+01	-2.684062325867142546e-07
2.730000000000000426e+01	4.954517036414621965e-08
2.725000000000000355e+01	2.909911215074151701e-07
2.720000000000000639e+01	-4.875299977160450867e-07
2.715000000000000213e+01	-5.058578335090830063e-08
2.710000000000000497e+01	-1.254434513972718081e-07
2.705000000000000782e+01	-6.294296585746387673e-07
2.700000000000000711e+01	-1.206381334347448946e-06
2.695000000000000639e+01	-8.068343030528715560e-07
2.690000000000000568e+01	-1.064012536035546423e-06
2.685000000000000853e+01	-3.353858026868286621e-08
2.680000000000000426e+01	1.386494597015624339e-07
2.675000000000000355e+01	3.972484687797150451e-07
2.670000000000000639e+01	-2.788749610050763792e-07
2.665000000000000213e+01	2.189929411918264981e-07
2.660000000000000497e+01	8.102397697163763851e-08
2.655000000000000426e+01	-2.210272182522946209e-07
2.650000000000000355e+01	-6.091522999387093350e-07
2.645000000000000639e+01	-2.992365463427053902e-07
2.640000000000000213e+01	-3.931146785286521948e-07
2.635000000000000497e+01	6.661662159285264338e-07
2.630000000000000426e+01	4.725508327104179481e-07
2.625000000000000711e+01	5.129399099968879252e-07
2.620000000000000639e+01	-2.396680467990392471e-07
2.615000000000000568e+01	2.559283720313559023e-07
2.610000000000000853e+01	-1.666471890365076170e-07
2.605000000000000426e+01	-3.394780950222315358e-07
2.600000000000000355e+01	-7.479566734694941999e-07
2.595000000000000639e+01	-4.664225049282902417e-07
2.590000000000000213e+01	-6.032706737484078530e-07
2.585000000000000497e+01	9.835990707722623921e-08
2.580000000000000426e+01	6.363969124398759912e-08
2.575000000000000355e+01	2.011875219556775794e-08
2.570000000000000639e+01	7.766953867730462124e-07
2.565000000000000213e+01	-3.988350606992070270e-07
2.560000000000000497e+01	-8.784291095611551542e-07
2.555000000000000426e+01	-5.492956008875571233e-07
2.550000000000000355e+01	-9.707025384491650268e-07
2.545000000000000639e+01	-1.029899666815399162e-06
2.540000000000000568e+01	-4.372220393937079333e-07
2.535000000000000853e+01	4.771273846209378024e-07
2.530000000000000426e+01	2.435765877706086273e-07
2.525000000000000355e+01	6.462746472373345009e-07
2.520000000000000639e+01	2.188232569180472389e-07
2.515000000000000213e+01	-3.541513008191791777e-08
2.510000000000000497e+01	4.174201484016117739e-07
2.505000000000000426e+01	-9.315766858495654963e-07
2.500000000000000355e+01	-5.245507102890282384e-07
2.495000000000000639e+01	-8.339146822776549361e-07
2.490000000000000213e+01	-1.055719458932697385e-06
2.485000000000000497e+01	-2.130221648183061418e-07
2.480000000000000426e+01	-7.975280437888663114e-07
2.475000000000000355e+01	4.235458386043543494e-07
2.470000000000000639e+01	5.961755852023027627e-07
2.465000000000000568e+01	5.066930669810532506e-07
2.460000000000000853e+01	6.489816828796464606e-07
2.455000000000000426e+01	4.043384580056753832e-07
2.450000000000000355e+01	3.878374096948056504e-07
2.445000000000000639e+01	-5.261327304042527907e-07
2.440000000000000213e+01	-4.267967431158882165e-07
2.435000000000000497e+01	-2.129528843997890597e-07
2.430000000000000426e+01	-7.185174190812412186e-07
2.425000000000000355e+01	4.865296517745632511e-08
2.420000000000000639e+01	-2.912160191096571977e-07
2.415000000000000213e+01	-1.483954913683882680e-07
2.410000000000000497e+01	2.824756085430836727e-07
2.405000000000000426e+01	-1.394757254036231432e-07
2.400000000000000355e+01	-2.615049182061062557e-07
2.395000000000000639e+01	3.426954143562608454e-08
2.390000000000000213e+01	-7.545182676252923174e-08
2.385000000000000853e+01	-9.959675597024491118e-07
2.380000000000000426e+01	-2.772291114687307808e-07
2.375000000000000355e+01	-2.949882851463262609e-07
2.370000000000000639e+01	-7.822561074714856746e-07
2.365000000000000213e+01	-6.204467665432553227e-07
2.360000000000000497e+01	-4.938554405975577945e-07
2.355000000000000426e+01	-6.866224024467700375e-07
2.350000000000000355e+01	-8.960456781133257808e-07
2.345000000000000639e+01	-7.237632128010913843e-07
2.340000000000000213e+01	-8.503411750112371662e-07
2.335000000000000497e+01	-6.143776963779810211e-07
2.330000000000000426e+01	3.016029825670791532e-07
2.325000000000000355e+01	-3.509044405960358146e-07
2.320000000000000639e+01	-4.387683642679197361e-08
2.315000000000000213e+01	1.597296975023372314e-07
2.310000000000000853e+01	5.525653201320385609e-07
2.305000000000000426e+01	-2.128419302269862532e-07
2.300000000000000355e+01	2.543380875007245148e-07
2.295000000000000639e+01	-6.891868329636570907e-07
2.290000000000000213e+01	-7.403145509589050133e-07
2.285000000000000497e+01	-1.280145637819346286e-07
2.280000000000000426e+01	-1.115893019187321510e-06
2.275000000000000355e+01	8.107971781597753100e-08
2.270000000000000639e+01	-1.168020379769548224e-07
2.265000000000000213e+01	-2.305543308301513758e-08
2.260000000000000497e+01	-3.699449503389464267e-07
2.255000000000000426e+01	-5.981409335215050343e-07
2.250000000000000355e+01	-7.947047788149812835e-07
2.245000000000000639e+01	-1.431387956537460833e-07
2.240000000000000213e+01	-1.313477607702857757e-07
2.235000000000000497e+01	1.894170601914217307e-07
2.230000000000000782e+01	4.624594539827606606e-07
2.225000000000000355e+01	1.025599181547193732e-06
2.220000000000000639e+01	1.514366731510759994e-06
2.215000000000000213e+01	1.243831972360214308e-06
2.210000000000000497e+01	3.339003179771013983e-07
2.205000000000000426e+01	-1.070189043601109847e-07
2.200000000000000355e+01	2.211015979909564023e-07
2.195000000000000639e+01	-5.217930331225210458e-07
2.190000000000000213e+01	-1.015464019001742647e-06
2.185000000000000497e+01	-7.318927599820598727e-07
2.180000000000000426e+01	-3.505065177861266178e-07
2.175000000000000355e+01	-6.054028929233786375e-07
2.170000000000000639e+01	-2.227587011993453565e-07
2.165000000000000213e+01	-1.687048526341909451e-08
2.160000000000000497e+01	2.813866399342600207e-07
2.155000000000000426e+01	1.192654492033900077e-06
2.150000000000000355e+01	-1.071912262132768174e-09
2.145000000000000639e+01	3.788907404203118942e-07
2.140000000000000213e+01	1.271351948149192768e-07
2.135000000000000497e+01	-1.610228147555728564e-07
2.130000000000000426e+01	-1.012615784943011445e-06
2.125000000000000355e+01	-6.409739918662728506e-07
2.120000000000000639e+01	-4.631656219034833336e-07
2.115000000000000213e+01	-2.848329011589221530e-07
2.110000000000000497e+01	3.680917870629265870e-07
2.105000000000000426e+01	-7.991127014834759682e-08
2.100000000000000355e+01	2.173608070682837708e-07
2.095000000000000639e+01	-4.265255999550928761e-07
2.090000000000000213e+01	2.420014253617856164e-07
2.085000000000000497e+01	-1.772041884449600624e-07
2.080000000000000426e+01	-1.068637619406753279e-06
2.075000000000000355e+01	-1.303163441436466885e-06
2.070000000000000639e+01	-1.546695366196153426e-06
2.065000000000000213e+01	-1.445758719898242292e-06
2.060000000000000497e+01	-9.181907946312061068e-07
2.055000000000000426e+01	-6.216109940838688331e-07
2.050000000000000355e+01	-1.154275426077554881e-06
2.045000000000000639e+01	-1.461398334781915637e-07
2.040000000000000213e+01	6.263785067418748738e-07
2.035000000000000497e+01	1.049178613734729163e-06
2.030000000000000426e+01	4.587918119283701321e-07
2.025000000000000355e+01	9.512331582982260030e-07
2.020000000000000639e+01	-5.096638605618821100e-07
2.015000000000000213e+01	-9.370018349676069971e-07
2.010000000000000497e+01	1.005352067154881212e-07
2.005000000000000426e+01	-6.330484174910908521e-07
2.000000000000000355e+01	-1.016236829761597377e-06
1.995000000000000639e+01	-1.003120323317776804e-06
1.990000000000000213e+01	-8.694834953184154080e-07
1.985000000000000497e+01	-7.692653256450245768e-07
1.980000000000000426e+01	-1.215634666185125005e-06
1.975000000000000355e+01	-1.156071090122977734e-06
1.970000000000000639e+01	-8.379188794615930778e-07
1.965000000000000213e+01	-6.705314098109813047e-07
1.960000000000000497e+01	4.937734997979919042e-07
1.955000000000000426e+01	4.445262000657441071e-07
1.950000000000000355e+01	1.032461811430152686e-06
1.945000000000000639e+01	8.818189265869745751e-07
1.940000000000000213e+01	2.000609238809591505e-07
1.935000000000000497e+01	5.221670418793380787e-07
1.930000000000000426e+01	2.151556148636566310e-07
1.925000000000000000e+01	-2.321368784612528405e-07
1.920000000000000639e+01	2.308541356869323089e-07
1.915000000000000213e+01	-3.719588301188358582e-07
1.910000000000000497e+01	-3.496774386660550563e-07
1.905000000000000426e+01	-2.451652897536088939e-07
1.900000000000000355e+01	3.245115903976532583e-07
1.895000000000000639e+01	4.400667566799257685e-07
1.890000000000000213e+01	-2.090385407535723068e-07
1.885000000000000497e+01	2.492999591978000859e-07
1.880000000000000426e+01	-8.249896411541193908e-07
1.875000000000000355e+01	-1.212099958131746725e-06
1.870000000000000639e+01	-1.068802204360387733e-06
1.865000000000000213e+01	-5.917875322985096321e-07
1.860000000000000497e+01	6.112813540184179836e-07
1.855000000000000426e+01	9.061734554364985838e-07
1.850000000000000000e+01	8.778331924587326143e-07
1.845000000000000639e+01	1.833297907283898143e-06
1.840000000000000213e+01	1.588889954491084213e-06
1.835000000000000497e+01	7.760992938319978453e-07
1.830000000000000426e+01	-2.207187973028555028e-07
1.825000000000000355e+01	-1.287903989661508965e-06
1.820000000000000284e+01	-2.091145382075902898e-06
1.815000000000000213e+01	-1.579805779411310303e-06
1.810000000000000497e+01	-2.632293851919923959e-06
1.805000000000000426e+01	-1.847367634917519216e-06
1.800000000000000355e+01	-2.769878608743005924e-07
1.795000000000000284e+01	4.093786963721082292e-08
1.790000000000000213e+01	1.709503118840982839e-09
1.785000000000000497e+01	3.739952172428121599e-07
1.780000000000000426e+01	5.131760612711732555e-07
1.775000000000000000e+01	3.580948336772583297e-07
1.769999999999999929e+01	-1.335265771810612096e-07
1.765000000000000213e+01	5.644115683439617427e-07
1.760000000000000497e+01	-5.599881718764073183e-07
1.755000000000000426e+01	-1.155780253036106508e-07
1.750000000000000355e+01	1.615563091458797498e-07
1.745000000000000284e+01	7.998937766587373482e-07
1.740000000000000213e+01	1.338573120520988674e-06
1.735000000000000497e+01	1.201608722369297836e-06
1.730000000000000071e+01	5.233922854230619419e-07
1.725000000000000355e+01	-3.125403209228730092e-07
1.720000000000000284e+01	-7.423952494165521702e-07
1.715000000000000213e+01	-1.483545033847427295e-06
1.710000000000000497e+01	-2.575653768848298171e-06
1.705000000000000071e+01	-1.855717507896461931e-06
1.700000000000000000e+01	-1.625850881931336849e-06
1.694999999999999929e+01	-5.828890428074515403e-07
1.690000000000000213e+01	-1.537093346363760625e-08
1.685000000000000142e+01	1.022366564252730483e-06
1.680000000000000071e+01	6.374248650455892375e-07
1.675000000000000355e+01	1.269805623274980846e-06
1.669999999999999929e+01	3.996724042346854237e-07
1.665000000000000213e+01	4.731595860325149645e-07
1.660000000000000497e+01	-3.506290773082241166e-07
1.655000000000000426e+01	-2.806781861114037123e-07
1.650000000000000355e+01	-1.480650554230142728e-06
1.645000000000000284e+01	-8.414644895097632184e-07
1.640000000000000213e+01	-1.189679654164680475e-06
1.635000000000000497e+01	-1.095460746722169752e-06
1.630000000000000426e+01	-1.135052220002564441e-06
1.625000000000000000e+01	-1.484045822253358238e-06
1.619999999999999929e+01	-1.413649531817695434e-06
1.615000000000000213e+01	-6.355739876717030596e-08
1.610000000000000142e+01	4.117426708557223444e-07
1.605000000000000071e+01	-4.734535882146485646e-07
1.600000000000000000e+01	-2.319631498990830773e-07
1.595000000000000107e+01	-3.518161638701760588e-08
1.590000000000000213e+01	8.317356900282537280e-07
1.585000000000000497e+01	5.318323636169777538e-07
1.580000000000000426e+01	9.633983777771289060e-07
1.575000000000000355e+01	6.884688838550142688e-07
1.570000000000000284e+01	1.065135265660500090e-06
1.565000000000000391e+01	-2.231344683424191256e-07
1.560000000000000497e+01	-4.580430910602334459e-07
1.555000000000000071e+01	-7.666003154342497311e-07
1.550000000000000178e+01	-1.532059965703726461e-06
1.545000000000000107e+01	-1.252412721454672834e-06
1.540000000000000213e+01	-1.732859411812533085e-06
1.535000000000000320e+01	-2.627616368638264975e-07
1.530000000000000249e+01	-3.456055436112309005e-07
1.525000000000000178e+01	8.009677989843781860e-07
1.520000000000000107e+01	1.169679768880070919e-06
1.515000000000000213e+01	1.532363463171646840e-06
1.510000000000000320e+01	7.124108952886974973e-07
1.505000000000000426e+01	4.837408511713110165e-07
1.500000000000000355e+01	-9.385047277012764583e-07
1.495000000000000284e+01	-1.172242792687952732e-06
1.490000000000000391e+01	-1.279595087082349247e-06
1.485000000000000497e+01	-7.886928562030523137e-07
1.480000000000000426e+01	-5.263096240616848221e-08
1.475000000000000355e+01	1.799059489285016809e-07
1.470000000000000284e+01	8.566608152181025543e-07
1.465000000000000568e+01	1.478438504319113967e-06
1.460000000000000497e+01	1.473365735806931077e-06
1.455000000000000604e+01	5.276723734106889189e-08
1.450000000000000533e+01	-3.585815549931348524e-07
1.445000000000000462e+01	-6.237266844280258413e-07
1.440000000000000568e+01	-1.857280889117364476e-06
1.435000000000000142e+01	-2.180602403696429496e-06
1.430000000000000071e+01	-6.440158242518755284e-07
1.425000000000000000e+01	-5.915366105796672089e-07
1.419999999999999929e+01	2.007702568969439329e-07
1.415000000000000213e+01	6.904328254652111937e-07
1.410000000000000142e+01	7.460904981351740564e-07
1.405000000000000071e+01	1.281297380817537292e-06
1.400000000000000000e+01	1.267521479527424363e-06
1.394999999999999929e+01	5.706031980313334902e-07
1.390000000000000213e+01	2.732238592530385761e-07
1.385000000000000320e+01	-4.060361799365959987e-07
1.380000000000000249e+01	-8.974362099651869830e-07
1.375000000000000178e+01	-8.769283268909939247e-07
1.370000000000000107e+01	-5.787724847417051396e-07
1.365000000000000213e+01	-6.025226562347737873e-07
1.360000000000000320e+01	5.312232586176291889e-07
1.355000000000000249e+01	7.710968607700859939e-07
1.350000000000000355e+01	6.705022205991187732e-07
1.345000000000000284e+01	1.992163709618278624e-08
1.340000000000000391e+01	3.508638218735041531e-07
1.335000000000000497e+01	-4.662062234187063331e-07
1.330000000000000426e+01	-2.996068624883831233e-07
1.325000000000000355e+01	-3.400748913177824703e-07
1.320000000000000284e+01	-4.892489961206727352e-07
1.315000000000000391e+01	-1.117740555627319539e-06
1.310000000000000497e+01	-6.873788602144366067e-07
1.305000000000000604e+01	-3.169085040619645064e-07
1.300000000000000533e+01	-5.381377608951631069e-07
1.295000000000000462e+01	-9.746564457861592723e-07
1.290000000000000568e+01	-1.343003198856318813e-06
1.284999999999999964e+01	-1.064376170313448231e-06
1.279999999999999893e+01	-1.111722126986240576e-06
1.275000000000000000e+01	-1.408958860639110531e-06
1.269999999999999929e+01	-1.088213381926227521e-06
1.265000000000000036e+01	-1.222411838496004384e-06
1.260000000000000142e+01	1.065063347662597612e-07
1.255000000000000071e+01	2.103381640359579646e-08
1.250000000000000000e+01	1.075559682745191200e-06
1.244999999999999929e+01	1.173902885152978259e-06
1.240000000000000036e+01	1.508361314927981441e-06
1.235000000000000320e+01	1.457058813338809772e-06
1.230000000000000249e+01	1.496845291655081389e-06
1.225000000000000178e+01	-3.930362545015998829e-07
1.220000000000000107e+01	-1.840341826789930943e-06
1.215000000000000213e+01	-2.221238182574725645e-06
1.210000000000000320e+01	-3.285209220694611801e-06
1.205000000000000249e+01	-3.190764536456730021e-06
1.200000000000000178e+01	-2.858971116892502426e-06
1.195000000000000107e+01	-2.294569219672953553e-06
1.190000000000000391e+01	-1.813665700565581243e-06
1.185000000000000497e+01	-1.148398371691520669e-06
1.180000000000000426e+01	4.577278124043928657e-07
1.175000000000000355e+01	9.324305582158575104e-07
1.170000000000000284e+01	1.899228072465966735e-06
1.165000000000000391e+01	2.624619199263584913e-06
1.160000000000000497e+01	2.436651752702251935e-06
1.155000000000000426e+01	2.969462658271127593e-06
1.150000000000000355e+01	3.030489211698914807e-06
1.145000000000000462e+01	2.414898932158258678e-06
1.140000000000000568e+01	1.579439683392648610e-06
1.134999999999999964e+01	-2.479233185973674232e-07
1.129999999999999893e+01	-4.899045225172000695e-07
1.124999999999999822e+01	-2.165454609448776950e-06
1.119999999999999929e+01	-2.105288610255057252e-06
1.115000000000000036e+01	-1.827398697231028769e-06
1.110000000000000142e+01	-1.760175063118473400e-06
1.105000000000000071e+01	-1.092888755144378590e-06
1.100000000000000000e+01	-1.025517240747627895e-07
1.094999999999999929e+01	6.676059825955774164e-07
1.090000000000000036e+01	8.088450177374990105e-07
1.085000000000000142e+01	1.750899575613961544e-06
1.080000000000000071e+01	2.115780549372008602e-06
1.075000000000000178e+01	2.151018785796495243e-06
1.070000000000000107e+01	2.267530690041081142e-06
1.065000000000000213e+01	2.486191296230375802e-06
1.060000000000000320e+01	2.236861796143462007e-06
1.055000000000000249e+01	2.162577362016809467e-06
1.050000000000000178e+01	1.523024497923265379e-06
1.045000000000000107e+01	1.490773935587673134e-06
1.040000000000000213e+01	1.437359084588232632e-06
1.035000000000000497e+01	3.780882129327177466e-08
1.030000000000000426e+01	-1.479522549446418694e-06
1.025000000000000355e+01	-1.850038447802941381e-06
1.020000000000000284e+01	-1.698457288053145798e-06
1.015000000000000391e+01	-2.592992336533272181e-06
1.010000000000000320e+01	-1.994189194747464098e-06
1.005000000000000426e+01	-9.530342733410449455e-07
1.000000000000000355e+01	8.972816478132159417e-08
9.950000000000002842e+00	-3.863157022281887908e-08
9.900000000000005684e+00	-2.754105884019694556e-07
9.849999999999999645e+00	-8.617914346381336618e-07
9.799999999999998934e+00	-1.298617309608189293e-06
9.749999999999998224e+00	-1.153829851000086654e-06
9.699999999999997513e+00	-8.797547569601411944e-07
9.649999999999998579e+00	6.035418169092032463e-07
9.600000000000001421e+00	4.076350805598855051e-07
9.549999999999998934e+00	3.276450347072341671e-07
9.500000000000000000e+00	9.970649685653052673e-07
9.449999999999999289e+00	3.688433213490740194e-07
9.400000000000000355e+00	-1.015718457493098755e-06
9.349999999999999645e+00	-1.243045446187556918e-06
9.300000000000000711e+00	-2.576144534452565648e-06
9.250000000000000000e+00	-2.095219211355610041e-06
9.200000000000001066e+00	-3.071515879842093313e-06
9.150000000000000355e+00	-2.287207208093068792e-06
9.100000000000001421e+00	-2.105743856456937713e-06
9.050000000000002487e+00	-1.548103833587833540e-06
9.000000000000001776e+00	-5.639526295309421932e-07
8.950000000000002842e+00	-7.933970669558143662e-07
8.900000000000002132e+00	-6.881293394688300292e-07
8.850000000000001421e+00	-3.229443407269856931e-07
8.800000000000002487e+00	-4.305092240198267376e-08
8.750000000000001776e+00	8.926143631718461980e-07
8.700000000000002842e+00	1.376480059767388825e-06
8.650000000000003908e+00	1.022254730886799282e-06
8.600000000000003197e+00	1.551060911755859422e-06
8.550000000000004263e+00	9.214918131510582018e-07
8.500000000000003553e+00	-9.059997268743285030e-08
8.450000000000004619e+00	-1.300863999728476357e-06
8.400000000000003908e+00	-1.611042104553991908e-06
8.349999999999997868e+00	-1.316789352378876308e-06
8.299999999999998934e+00	-1.760684819294313692e-06
8.249999999999998224e+00	-1.383167202701920935e-06
8.199999999999997513e+00	-1.321110762443536482e-08
8.149999999999998579e+00	8.256361997807370048e-08
8.099999999999999645e+00	7.969423253267331701e-07
8.049999999999998934e+00	9.059497887046359699e-07
8.000000000000000000e+00	4.700518141622842132e-09
7.949999999999999289e+00	-8.540620961692082173e-07
7.900000000000000355e+00	-5.060551244470937025e-07
7.849999999999999645e+00	-4.130048405108386222e-07
7.800000000000000711e+00	-6.241796447277719528e-08
7.750000000000000000e+00	3.156938108357813256e-07
7.700000000000001066e+00	1.173056046331713190e-06
7.650000000000000355e+00	2.089234895407912323e-06
7.600000000000001421e+00	2.204476365581975533e-06
7.550000000000000711e+00	5.773059906035509822e-07
7.500000000000001776e+00	8.940692519607056101e-07
7.450000000000001066e+00	-6.881863111835498515e-07
7.400000000000002132e+00	-1.378593112532160544e-06
7.350000000000001421e+00	-1.710116619805973429e-06
7.300000000000002487e+00	-1.894413435056278934e-06
7.250000000000001776e+00	-1.595264632187786807e-06
7.200000000000002842e+00	-6.809822026895243593e-07
7.150000000000002132e+00	-1.096269076884411286e-06
7.100000000000001421e+00	-1.700429845756000788e-07
7.050000000000004263e+00	4.438224938857810025e-07
7.000000000000003553e+00	6.346652536541995344e-07
6.950000000000002842e+00	1.262325272300015209e-06
6.900000000000003908e+00	1.130947970640615671e-06
6.849999999999997868e+00	1.023546089753778039e-06
6.799999999999998934e+00	-7.776111543355782179e-09
6.749999999999998224e+00	5.615241222717041203e-07
6.699999999999997513e+00	6.023042646616817528e-07
6.649999999999998579e+00	4.637849255431212310e-08
6.599999999999997868e+00	5.610400385352127814e-07
6.549999999999998934e+00	6.153379511128081474e-07
6.500000000000000000e+00	1.018174747255193906e-06
6.449999999999999289e+00	-5.543193104231760607e-07
6.399999999999998579e+00	8.943803104895301503e-08
6.349999999999999645e+00	-6.868566194961731749e-07
6.300000000000000711e+00	-7.092753409156084626e-07
6.250000000000000000e+00	-1.012228060773391435e-06
6.199999999999999289e+00	-1.411329868667751936e-06
6.150000000000000355e+00	-3.875145699780609613e-07
6.100000000000000533e+00	4.381177613529114990e-08
6.050000000000000711e+00	1.460802241840867958e-07
6.000000000000000888e+00	1.171999080352762975e-06
5.950000000000001066e+00	7.136815051978463316e-07
5.900000000000000355e+00	2.983098767853826097e-07
5.850000000000001421e+00	1.988151072180309011e-07
5.800000000000001599e+00	-1.644660867235983624e-07
5.750000000000001776e+00	-9.961641472859572141e-07
5.700000000000001954e+00	-6.394860454157860977e-07
5.650000000000002132e+00	-7.080910677716674917e-07
5.600000000000003197e+00	-1.058079564966546824e-06
5.550000000000002487e+00	-7.207609441062661461e-07
5.500000000000002665e+00	-1.222769670099258978e-06
5.450000000000002842e+00	-6.943814576434349656e-07
5.400000000000003908e+00	-4.479886384439685202e-07
5.349999999999997868e+00	-9.563294891862496150e-07
5.299999999999997158e+00	-7.163415919271023581e-07
5.249999999999998224e+00	-4.604023179009543838e-07
5.199999999999997513e+00	-1.215537075747873521e-06
5.149999999999998579e+00	-7.756494986275137902e-07
5.099999999999997868e+00	-5.332752953792908722e-07
5.049999999999998934e+00	-1.056737212898121392e-06
4.999999999999998224e+00	-8.532101580277986078e-07
4.949999999999999289e+00	-3.745763639006777657e-07
4.899999999999998579e+00	3.442049889577060209e-07
4.849999999999999645e+00	1.289387715984979466e-07
4.799999999999998934e+00	2.742159407791135766e-07
4.750000000000000000e+00	-8.781291288657485660e-07
4.700000000000000178e+00	-4.509930172023018842e-07
4.650000000000000355e+00	-4.035987049074483114e-07
4.599999999999999645e+00	2.239762078435397600e-08
4.550000000000000711e+00	-3.899239108271001271e-08
4.500000000000000888e+00	8.061262009072664784e-07
4.450000000000001066e+00	8.718993421966046197e-07
4.400000000000001243e+00	5.531480493375351817e-07
4.350000000000001421e+00	3.921065956876405290e-07
4.300000000000001599e+00	-1.032405543069935643e-06
4.250000000000001776e+00	-1.001460230852751276e-06
4.200000000000001954e+00	-2.321439471740051469e-06
4.150000000000002132e+00	-1.835416586884691884e-06
4.100000000000001421e+00	-1.193882724834260248e-06
4.050000000000002487e+00	-1.039862683346311578e-06
4.000000000000002665e+00	1.369496277071337719e-07
3.950000000000002842e+00	1.925118024194910488e-06
3.900000000000003020e+00	2.382243413467730397e-06
3.849999999999996980e+00	2.669901865502671637e-06
3.799999999999997158e+00	2.418090930730190795e-06
3.749999999999997335e+00	8.508133017211826349e-07
3.699999999999997513e+00	5.342170870584220293e-07
3.649999999999997691e+00	-1.656835054484796406e-06
3.599999999999997868e+00	-2.103445645619326705e-06
3.549999999999998046e+00	-2.314053370268449352e-06
3.499999999999998224e+00	-2.776214601942059578e-06
3.449999999999998401e+00	-2.824173004548088664e-06
3.399999999999998579e+00	-2.168806269492824595e-06
3.349999999999998757e+00	-9.695893041099979801e-07
3.299999999999998934e+00	-6.824265411608429303e-07
3.249999999999999556e+00	-7.281934669750472178e-08
3.199999999999999289e+00	1.169315255409040612e-06
3.149999999999999467e+00	2.576383147467610865e-06
3.100000000000000089e+00	3.239245355619648789e-06
3.049999999999999822e+00	3.872197765221119013e-06
3.000000000000000000e+00	4.279182946220498147e-06
2.950000000000000622e+00	3.115394298816516176e-06
2.900000000000000799e+00	1.864208930969075226e-06
2.850000000000000977e+00	-3.360859920942782677e-07
2.800000000000001155e+00	-1.719439583739417960e-06
2.750000000000001332e+00	-3.596529749071157141e-06
2.700000000000001510e+00	-2.328053465806301529e-06
2.650000000000001688e+00	-1.968170001628647079e-06
2.600000000000001865e+00	-9.265227320703298056e-07
2.550000000000002043e+00	1.855422802359825499e-07
2.500000000000002220e+00	1.300124949984751853e-06
2.450000000000002398e+00	1.849485259486558628e-06
2.400000000000002576e+00	3.807119010664582443e-07
2.350000000000002753e+00	-1.205306960344556772e-07
2.299999999999997158e+00	-8.955396145486244709e-07
2.249999999999997335e+00	-1.244693933303287807e-06
2.199999999999997513e+00	-1.089935721264737838e-08
2.149999999999997691e+00	9.571024757847299605e-07
2.099999999999997868e+00	1.836665216965630853e-06
2.049999999999998046e+00	2.624002005687454652e-06
1.999999999999998224e+00	2.546837686549448281e-06
1.949999999999998401e+00	1.945987958999374180e-06
1.899999999999998579e+00	1.443923492162041628e-07
1.849999999999998757e+00	-1.872941252958868008e-06
1.799999999999998934e+00	-4.231392469501993596e-06
1.749999999999999112e+00	-4.807492207133393637e-06
1.699999999999999289e+00	-6.543661781074313464e-06
1.649999999999999467e+00	-5.616886720576136206e-06
1.599999999999999645e+00	-5.118614741217424470e-06
1.549999999999999822e+00	-3.889641484404248298e-06
1.500000000000000000e+00	-1.937355689187592768e-06
1.450000000000000178e+00	-1.462099227543867995e-06
1.400000000000000355e+00	-2.615583907321749023e-06
1.350000000000000533e+00	-2.796271458941389697e-06
1.300000000000000711e+00	-3.823637642838020598e-06
1.250000000000000888e+00	-4.722499376541579693e-06
1.200000000000001066e+00	-4.735924303934837664e-06
1.150000000000001243e+00	-3.952460009266319808e-06
1.100000000000001421e+00	-2.275701207621832205e-06
1.050000000000001599e+00	-5.126077508329822850e-07
1.000000000000001998e+00	1.229921202844206515e-06
9.500000000000019540e-01	3.284928582248030106e-06
9.000000000000023537e-01	3.557581317644866859e-06
8.500000000000025313e-01	3.255178445169578358e-06
7.999999999999969358e-01	2.836652623489704123e-06
7.499999999999966693e-01	1.191110628900447829e-06
6.999999999999970690e-01	8.747468729008332540e-07
6.499999999999970246e-01	7.573165635143313037e-07
5.999999999999974243e-01	7.267289070617757032e-07
5.499999999999976019e-01	1.504682946717424350e-06
4.999999999999977796e-01	1.860962949939060549e-06
4.499999999999979572e-01	8.202878921421170126e-07
3.999999999999981348e-01	3.693648587128350691e-08
3.499999999999980904e-01	-2.583941570792376736e-07
2.999999999999987121e-01	-6.851495781180917142e-07
2.499999999999986677e-01	4.571452590375218603e-07
1.999999999999988454e-01	2.241192173978033489e-06
1.499999999999990230e-01	3.861682967082829191e-06
9.999999999999920064e-02	8.028765096822499186e-06
4.999999999999937828e-02	1.049325702745108829e-05
0.000000000000000000e+00	1.223449585313167849e-05
-5.000000000000026645e-02	1.178030450716692059e-05
-1.000000000000000888e-01	1.138674653946293243e-05
-1.499999999999999112e-01	8.502338782818485576e-06
-1.999999999999992895e-01	5.505829506338706417e-06
-2.499999999999991118e-01	1.994267970451767747e-06
-2.999999999999993783e-01	-1.100936889041658140e-06
-3.499999999999992006e-01	-3.271658744522618275e-06
-3.999999999999990230e-01	-4.757270585576264135e-06
-4.499999999999984013e-01	-5.314864362886814519e-06
-4.999999999999986677e-01	-5.452089705559011352e-06
-5.499999999999980460e-01	-4.540708613384434590e-06
-5.999999999999983125e-01	-3.795725546913780896e-06
-6.499999999999976907e-01	-2.074412578456389914e-06
-7.000000000000032863e-01	-1.401455298965555615e-06
-7.500000000000035527e-01	-1.054395042404091076e-06
-8.000000000000033751e-01	-6.531982931234037017e-07
-8.500000000000031974e-01	3.618688581001840233e-07
-9.000000000000030198e-01	1.573977256485963410e-07
-9.500000000000023981e-01	-6.013454166358600791e-07
-1.000000000000002665e+00	-1.441741686494629462e-06
-1.050000000000002487e+00	-9.452956154249587088e-07
-1.100000000000002309e+00	-1.224277486314447364e-06
-1.150000000000001688e+00	-1.759026661054170781e-06
-1.200000000000001954e+00	-2.792606630305009227e-06
-1.250000000000001332e+00	-2.244870893865841387e-06
-1.300000000000001599e+00	-2.081444365097251228e-06
-1.350000000000000533e+00	-1.867448757647191882e-06
-1.400000000000001243e+00	-1.875116025081252752e-06
-1.450000000000001510e+00	-1.959778103218167038e-06
-1.500000000000000888e+00	-2.242689439875680928e-06
-1.550000000000000266e+00	-1.434964514183750506e-06
-1.600000000000000089e+00	-1.008761226429525261e-06
-1.650000000000000355e+00	-8.540905820265679696e-07
-1.700000000000000622e+00	-8.375051311753729899e-07
-1.749999999999999556e+00	-9.753156647938260121e-07
-1.799999999999999378e+00	-8.670409209691230214e-07
-1.849999999999999201e+00	-7.302500755409764102e-07
-1.899999999999999023e+00	-8.410955800730908319e-07
-1.949999999999998845e+00	1.190432770998458764e-07
-1.999999999999998668e+00	-8.573251335459138347e-07
-2.049999999999998490e+00	-2.684011332665695553e-07
-2.099999999999998312e+00	-1.658010535697453536e-07
-2.149999999999999023e+00	-6.592260412116432450e-08
-2.200000000000004174e+00	-8.253689250697066854e-07
-2.250000000000003109e+00	-4.687031319033332523e-08
-2.300000000000003819e+00	4.546362176877232967e-07
-2.350000000000003642e+00	-6.180200176702736685e-08
-2.400000000000003464e+00	5.034470859510383350e-08
-2.450000000000003286e+00	-3.063938817623004057e-07
-2.500000000000002220e+00	1.268341590877586390e-08
-2.550000000000002931e+00	-2.495735640993549417e-07
-2.600000000000001865e+00	-1.127741025785501454e-08
-2.650000000000001688e+00	5.465910269860046261e-07
-2.700000000000002398e+00	8.411638054598539569e-07
-2.750000000000001332e+00	1.934347969495372076e-08
-2.800000000000002043e+00	7.461082578363675640e-07
-2.850000000000001865e+00	-1.266129540966557920e-07
-2.900000000000000799e+00	6.197544898739610303e-07
-2.950000000000001510e+00	-3.857846695786413731e-08
-3.000000000000000444e+00	5.424697212773650216e-07
-3.050000000000001155e+00	7.195316562741519643e-09
-3.100000000000000089e+00	7.637643900793157361e-07
-3.149999999999999911e+00	7.399196174056323370e-07
-3.200000000000000622e+00	4.089315387470090668e-07
-3.250000000000000444e+00	-1.141804599067223315e-07
-3.299999999999999378e+00	1.142168585022376617e-07
-3.349999999999999201e+00	-1.475247384940310880e-07
-3.399999999999999023e+00	-9.456314672000035428e-07
-3.449999999999999734e+00	-8.268811372505370977e-08
-3.499999999999999556e+00	-1.143152226294419379e-06
-3.549999999999998490e+00	-1.194596102138635800e-06
-3.599999999999998312e+00	-6.501190071105313925e-07
-3.649999999999999023e+00	-4.323479685285409534e-07
-3.700000000000004174e+00	-1.370646965037774132e-06
-3.750000000000003997e+00	-3.539413495001195143e-07
-3.800000000000003819e+00	-2.914096174365287266e-07
-3.850000000000003642e+00	5.127806002020248712e-09
-3.900000000000003464e+00	-2.920749907960941228e-08
-3.950000000000004174e+00	-1.337984236963593026e-07
-4.000000000000003553e+00	8.587202372020424930e-08
-4.050000000000002487e+00	1.592225789058820438e-07
-4.100000000000003197e+00	1.847035299914987272e-07
-4.150000000000002132e+00	7.853357451616091087e-07
-4.200000000000002842e+00	-1.253430475420096575e-07
-4.250000000000001776e+00	8.213077561710491449e-07
-4.300000000000002487e+00	-5.338427266243535539e-07
-4.350000000000001421e+00	-3.320274607750056464e-07
-4.400000000000002132e+00	8.032981882904881408e-07
-4.450000000000001066e+00	2.646911141033905762e-07
-4.500000000000000000e+00	5.919252139424154016e-07
-4.550000000000000711e+00	-2.340528161266397428e-07
-4.600000000000001421e+00	-2.167559221959516694e-07
-4.650000000000000355e+00	-1.513258420653111873e-07
-4.700000000000001066e+00	2.301203611019781193e-07
-4.750000000000000000e+00	-1.797214942101655936e-07
-4.800000000000000711e+00	1.654975561018250481e-08
-4.849999999999999645e+00	-4.678970876432254072e-07
-4.899999999999998579e+00	2.672043755802053849e-08
-4.949999999999999289e+00	3.845613602597998881e-07
-5.000000000000000000e+00	-7.412818392387594023e-07
-5.049999999999998934e+00	-1.585953625280888465e-07
-5.099999999999999645e+00	-4.557967526171977191e-07
-5.149999999999998579e+00	-6.805368034506821714e-07
-5.200000000000004619e+00	2.371862604362207310e-07
-5.250000000000005329e+00	-3.724594426861410263e-07
-5.300000000000004263e+00	-3.068396326783940362e-07
-5.350000000000003197e+00	2.002976026711216975e-07
-5.400000000000003908e+00	-1.333600580025442186e-07
-5.450000000000002842e+00	-1.753121648326654299e-07
-5.500000000000003553e+00	-6.414200944596178177e-07
-5.550000000000004263e+00	-2.348854120192248298e-07
-5.600000000000003197e+00	-2.833287775548731061e-08
-5.650000000000003908e+00	-2.641602572924688666e-07
-5.700000000000001066e+00	-4.353201688183752653e-07
-5.750000000000001776e+00	-6.433460549266683709e-07
-5.800000000000000711e+00	-2.479764218623217414e-08
-5.850000000000001421e+00	-2.153620494102025571e-07
-5.900000000000002132e+00	-4.219771822246814904e-07
-5.950000000000001066e+00	2.028702976034156455e-08
-6.000000000000001776e+00	-4.837992295950360795e-07
-6.050000000000000711e+00	4.244797175453299021e-08
-6.100000000000001421e+00	-2.098078347409133262e-07
-6.150000000000000355e+00	-6.358885629730408871e-07
-6.199999999999999289e+00	-5.312360948373037713e-07
-6.250000000000000000e+00	5.138908452845542592e-07
-6.300000000000000711e+00	-4.453158913336637384e-07
-6.349999999999999645e+00	-1.422479971760616016e-07
-6.400000000000000355e+00	-4.759898845514271625e-08
-6.449999999999999289e+00	1.581668437973116391e-08
-6.500000000000000000e+00	5.387922322599364312e-07
-6.550000000000000711e+00	-4.638306435857974461e-08
-6.599999999999997868e+00	-3.955767709653946664e-07
-6.649999999999998579e+00	-3.801054336464950221e-07
-6.700000000000004619e+00	1.343957475077873216e-07
-6.750000000000003553e+00	-1.412351666921566525e-07
-6.800000000000004263e+00	3.557021974976585027e-07
-6.850000000000003197e+00	-5.770863681600793223e-07
-6.900000000000003908e+00	-3.610012703210890321e-07
-6.950000000000002842e+00	-4.620752465856543879e-07
-7.000000000000003553e+00	2.160606562700210683e-07
-7.050000000000002487e+00	1.354769792170810110e-07
-7.100000000000003197e+00	1.609239934479417870e-08
-7.150000000000003908e+00	-6.464026577568280357e-07
-7.200000000000002842e+00	-2.566115050921146473e-07
-7.250000000000003553e+00	1.318606820413883623e-07
-7.300000000000000711e+00	-6.123879064898093689e-08
-7.350000000000001421e+00	3.085537076015026538e-07
-7.400000000000002132e+00	-1.449560878501276242e-07
-7.450000000000001066e+00	4.364434259592059894e-07
-7.500000000000001776e+00	-6.754285155361121599e-07
-7.550000000000000711e+00	-5.067674467197150320e-07
-7.600000000000001421e+00	-4.816392279172082161e-07
-7.650000000000002132e+00	2.836959286052885579e-07
-7.700000000000001066e+00	-1.954140365201680716e-07
-7.750000000000000000e+00	2.065180698931047192e-07
-7.800000000000000711e+00	-2.398762397318419888e-07
-7.849999999999999645e+00	-2.935476392861468308e-07
-7.900000000000000355e+00	-6.331917259710183260e-07
-7.949999999999999289e+00	5.420311797449241634e-07
-8.000000000000000000e+00	3.979491857030416292e-07
-8.050000000000000711e+00	4.652062291544758871e-07
-8.099999999999999645e+00	-4.259623888370463932e-07
-8.149999999999998579e+00	-2.560263141458585374e-08
-8.200000000000004619e+00	-7.196677553704263483e-07
-8.250000000000003553e+00	-5.931316427531918531e-07
-8.300000000000004263e+00	-9.869378945966354552e-07
-8.350000000000004974e+00	2.719045420445769268e-08
-8.400000000000005684e+00	6.006401279082658536e-08
-8.450000000000002842e+00	-2.615924858416937974e-07
-8.500000000000003553e+00	-7.049599093642202977e-08
-8.550000000000002487e+00	1.074001225005807766e-07
-8.600000000000003197e+00	-1.352592909984916764e-07
-8.650000000000003908e+00	-3.817936602916290182e-07
-8.700000000000002842e+00	5.451698992132755457e-07
-8.750000000000003553e+00	-4.077863017779685305e-07
-8.800000000000002487e+00	-1.942600076198437216e-07
-8.850000000000001421e+00	4.909477730833474137e-07
-8.900000000000002132e+00	-5.703308240001582598e-07
-8.950000000000001066e+00	-2.720186613126419088e-07
-9.000000000000001776e+00	-3.996651948510325985e-07
-9.050000000000000711e+00	-6.874926278052502124e-07
-9.100000000000001421e+00	-1.888160437688545709e-07
-9.150000000000002132e+00	-2.629320244921084300e-07
-9.200000000000001066e+00	-1.441124141241249029e-07
-9.250000000000001776e+00	-4.956407301640659517e-07
-9.300000000000000711e+00	-8.690277216006582060e-07
-9.349999999999999645e+00	-1.077470521090433774e-07
-9.400000000000000355e+00	1.137359398610084852e-07
-9.449999999999999289e+00	-7.398164001323593607e-07
-9.500000000000000000e+00	4.384715486677754559e-07
-9.550000000000000711e+00	3.479485932983895046e-07
-9.599999999999999645e+00	-7.183589884795054210e-07
-9.650000000000000355e+00	-2.325639904830245688e-07
-9.699999999999999289e+00	-3.351865775239356142e-07
-9.750000000000003553e+00	-2.004482963733276384e-07
-9.800000000000004263e+00	1.494135970110636244e-08
-9.850000000000004974e+00	7.071823337541637812e-07
-9.900000000000005684e+00	8.506844120085606526e-08
-9.950000000000004619e+00	-1.242989177827340511e-07
-1.000000000000000355e+01	-1.594344644498239529e-07
-1.005000000000000249e+01	-6.239897390120400942e-08
-1.010000000000000320e+01	-3.036791092204586688e-07
-1.015000000000000391e+01	-5.373053408412036883e-07
-1.020000000000000284e+01	-4.378904020099097971e-07
-1.025000000000000355e+01	-4.679144956671676310e-07
-1.030000000000000249e+01	-1.410630206776178978e-08
-1.035000000000000320e+01	-1.868674001190915587e-07
-1.040000000000000391e+01	-5.521601879384765918e-07
-1.045000000000000107e+01	-1.981824398428417472e-08
-1.050000000000000178e+01	6.763230066249358354e-07
-1.055000000000000071e+01	2.309858388175649845e-07
-1.060000000000000142e+01	-5.533601107201027326e-07
-1.065000000000000213e+01	-6.993177753820921355e-07
-1.070000000000000107e+01	8.506239235213273048e-07
-1.075000000000000178e+01	-3.956551949924470842e-07
-1.080000000000000071e+01	-8.899052174660263506e-08
-1.085000000000000142e+01	4.309590192243108720e-07
-1.090000000000000036e+01	-3.205868722725214915e-07
-1.094999999999999929e+01	-4.203077703124951176e-07
-1.100000000000000000e+01	3.563556138306777640e-07
-1.105000000000000071e+01	4.252194706435571327e-07
-1.109999999999999964e+01	-8.072142903229616299e-07
-1.115000000000000568e+01	-4.940826241019337751e-07
-1.120000000000000462e+01	3.910914793016017857e-08
-1.125000000000000355e+01	-1.402214570151233089e-07
-1.130000000000000426e+01	1.706257137810967791e-07
-1.135000000000000497e+01	-3.884795723557815561e-07
-1.140000000000000568e+01	-6.237136723697257493e-07
-1.145000000000000462e+01	-6.232828677368148272e-07
-1.150000000000000355e+01	-5.127628405008302255e-07
-1.155000000000000426e+01	-2.198144592509937918e-07
-1.160000000000000320e+01	-5.110647668926582203e-07
-1.165000000000000391e+01	-9.923347336959428456e-08
-1.170000000000000284e+01	-2.543238445720446916e-07
-1.175000000000000355e+01	-5.324340833940473222e-08
-1.180000000000000249e+01	-5.171014827508077486e-07
-1.185000000000000320e+01	-8.024784286175776892e-07
-1.190000000000000391e+01	4.658545461673504094e-08
-1.195000000000000284e+01	-7.418262356238582353e-08
-1.200000000000000355e+01	2.205420794840491662e-07
-1.205000000000000071e+01	-6.592211177301245317e-07
-1.209999999999999964e+01	-2.918877226597470245e-07
-1.215000000000000213e+01	-9.184860276837195176e-08
-1.220000000000000107e+01	2.944387894410827021e-07
-1.225000000000000355e+01	-9.747376832312223834e-07
-1.230000000000000071e+01	-2.649052855494663589e-07
-1.234999999999999964e+01	2.514383327246695267e-07
-1.240000000000000213e+01	-7.566416948689791822e-07
-1.245000000000000107e+01	-3.807592016567655142e-08
-1.250000000000000000e+01	-5.531176292552930247e-07
-1.255000000000000071e+01	4.178539422911592695e-07
-1.259999999999999964e+01	4.476840859442942907e-07
-1.264999999999999858e+01	-2.510226502135668753e-07
-1.270000000000000107e+01	-8.849856043968085459e-07
-1.274999999999999645e+01	-1.064869925174351857e-07
