# distance_x[ps] 	  Amplitude [V]
1.003134796238244419e+00	3.063064635895446731e-05
9.529780564263319320e-01	3.179825474882404859e-05
9.028213166144194446e-01	3.012002206781913267e-05
8.526645768025087335e-01	2.520879439098291241e-05
8.025078369905944697e-01	1.692576259714171323e-05
7.523510971786819823e-01	5.221102108355190028e-06
7.021943573667694949e-01	-8.059357676756573712e-06
6.520376175548587838e-01	-2.120300797754586672e-05
6.018808777429462964e-01	-2.805940824967419585e-05
5.517241379310355853e-01	-2.723890618608600052e-05
5.015673981191230979e-01	-2.081711710143731571e-05
4.514106583072088341e-01	-1.352788249114182277e-05
4.012539184952963467e-01	-8.935021196413065169e-06
3.510971786833838593e-01	-8.441987098036048259e-06
3.009404388714731482e-01	-1.008171727436939801e-05
2.507836990595588844e-01	-9.348757173929472691e-06
2.006269592476481733e-01	-3.985612975428890644e-06
1.504702194357374623e-01	1.044455500329706743e-05
1.003134796238231985e-01	3.043641870564175035e-05
5.015673981191071107e-02	4.812554143986234341e-05
0.000000000000000000e+00	5.393599747393666385e-05
-5.015673981191248743e-02	4.546484912237955012e-05
-1.003134796238249749e-01	2.227019615916115815e-05
-1.504702194357374623e-01	-2.491814439640930646e-07
-2.006269592476481733e-01	-1.935813127259970032e-05
-2.507836990595624371e-01	-2.995056339499666047e-05
-3.009404388714749246e-01	-2.925610245829441802e-05
-3.510971786833874120e-01	-2.150194612574079833e-05
-4.012539184952981230e-01	-1.382275841540634421e-05
-4.514106583072106105e-01	-1.386977643304224674e-05
-5.015673981191230979e-01	-2.318725894900864224e-05
-5.517241379310355853e-01	-3.572945534073003574e-05
-6.018808777429480728e-01	-4.441045830010247508e-05
-6.520376175548587838e-01	-4.274002423798500577e-05
-7.021943573667712712e-01	-3.059576419574698059e-05
-7.523510971786837587e-01	-1.021462103113830794e-05
-8.025078369905962461e-01	1.278926056279369653e-05
-8.526645768025087335e-01	3.100828635923033306e-05
-9.028213166144212209e-01	3.973147669751405276e-05
-9.529780564263337084e-01	3.743675432239814245e-05
-1.003134796238245308e+00	2.771291296261703347e-05
-1.053291536050158683e+00	1.644756839957878789e-05
-1.103448275862068506e+00	9.980709589266711993e-06
-1.153605015673980994e+00	8.170457092264166442e-06
-1.203761755485892593e+00	8.375955298128339241e-06
-1.253918495297805968e+00	8.288338779402784574e-06
-1.304075235109719344e+00	5.638465988396585236e-06
-1.354231974921630943e+00	3.360297237340613835e-07
-1.404388714733544319e+00	-8.094236499030173739e-06
-1.454545454545455918e+00	-1.431050645301822904e-05
-1.504702194357366629e+00	-1.832739391057157296e-05
-1.554858934169280005e+00	-1.624554107234687402e-05
-1.605015673981193380e+00	-9.097417310835184472e-06
-1.655172413793103203e+00	-5.275160528724612207e-07
-1.705329153605016579e+00	7.668077346770993204e-06
-1.755485893416929954e+00	1.409937420174871102e-05
-1.805642633228839777e+00	1.577849609868368246e-05
-1.855799373040753153e+00	1.429090800731604300e-05
-1.905956112852664752e+00	8.862727079690461816e-06
-1.956112852664578128e+00	4.878662011683412573e-07
-2.006269592476489727e+00	-6.400846176814563194e-06
-2.056426332288402214e+00	-1.226152013983486928e-05
-2.106583072100314702e+00	-1.133967752862558449e-05
-2.156739811912228078e+00	-5.888488116830043284e-06
-2.206896551724138789e+00	2.842874321582066479e-06
-2.257053291536050388e+00	9.455752867590994768e-06
-2.307210031347963763e+00	1.358376945737967397e-05
-2.357366771159875363e+00	1.246431711273137617e-05
-2.407523510971786962e+00	6.407651834982803067e-06
-2.457680250783700338e+00	-2.559290753858586498e-06
-2.507836990595611937e+00	-1.144874372210446305e-05
-2.557993730407524424e+00	-1.791107978712547604e-05
-2.608150470219436023e+00	-1.645728225277711838e-05
-2.658307210031349399e+00	-8.693329774548351407e-06
-2.708463949843260998e+00	7.315702719425664674e-07
-2.758620689655172598e+00	9.857989350665317285e-06
-2.808777429467085973e+00	1.381398195792150481e-05
-2.858934169278997572e+00	1.333305892072668348e-05
-2.909090909090910060e+00	9.353700173535905470e-06
-2.959247648902821659e+00	3.965478573595637455e-06
-3.009404388714734147e+00	-1.247052632628131687e-06
-3.059561128526645746e+00	-3.206977912775991325e-06
-3.109717868338558233e+00	-1.952328172325444086e-06
-3.159874608150471609e+00	3.641742783214475924e-07
-3.210031347962383208e+00	3.860839293356825835e-06
-3.260188087774295695e+00	3.976169737875483044e-06
-3.310344827586208183e+00	3.403889742709684423e-06
-3.360501567398119782e+00	1.243886306495548947e-06
-3.410658307210031381e+00	-1.026336648743286798e-07
-3.460815047021944757e+00	-2.816685092512219235e-06
-3.510971786833856356e+00	-4.598990853381267417e-06
-3.561128526645768844e+00	-7.738929410924413104e-06
-3.611285266457681331e+00	-1.102349365554003936e-05
-3.661442006269593819e+00	-1.120600078525819485e-05
-3.711598746081505418e+00	-5.696905076447521204e-06
-3.761755485893417017e+00	1.877375375582588783e-06
-3.811912225705330393e+00	1.255970552287327204e-05
-3.862068965517241992e+00	2.029249922079327963e-05
-3.912225705329154479e+00	2.486306329859294559e-05
-3.962382445141066967e+00	2.024694664226377587e-05
-4.012539184952979454e+00	1.068863870966413074e-05
-4.062695924764891053e+00	-4.791599208790117082e-06
-4.112852664576802653e+00	-1.576871630600072587e-05
-4.163009404388715140e+00	-2.602800087557711274e-05
-4.213166144200627627e+00	-2.446249904084882347e-05
-4.263322884012540115e+00	-1.581836662786302767e-05
-4.313479623824452602e+00	-7.898107326819374280e-06
-4.363636363636365090e+00	-1.015248265008036114e-06
-4.413793103448276689e+00	3.268287038875243698e-06
-4.463949843260189176e+00	5.172310054824821899e-06
-4.514106583072100776e+00	7.701039176347451498e-06
-4.564263322884012375e+00	8.102789993137651502e-06
-4.614420062695925751e+00	9.528063864821663975e-06
-4.664576802507837350e+00	1.186765269614969130e-05
-4.714733542319749837e+00	9.668541870391652259e-06
-4.764890282131662325e+00	4.252257129147685862e-06
-4.815047021943574812e+00	-2.119997159615766267e-06
-4.865203761755486411e+00	-9.813497606564527276e-06
-4.915360501567398899e+00	-1.237314742289674746e-05
-4.965517241379311386e+00	-1.146256411056687235e-05
-5.015673981191222985e+00	-6.145200377454672927e-06
-5.065830721003135473e+00	3.680177238337909556e-06
-5.115987460815047072e+00	8.834735328868789542e-06
-5.166144200626959559e+00	1.080429111470640409e-05
-5.216300940438872047e+00	1.024412059817516923e-05
-5.266457680250785423e+00	3.664626246121577763e-06
-5.316614420062697022e+00	9.558237772987999594e-07
-5.366771159874609509e+00	-6.545631525359158449e-07
-5.416927899686521997e+00	-1.484985152191729615e-06
-5.467084639498432708e+00	1.395952253336338754e-06
-5.517241379310345195e+00	-1.239095231461702079e-06
-5.567398119122257683e+00	-4.491448653271137879e-06
-5.617554858934170170e+00	-5.801993448536314630e-06
-5.667711598746082657e+00	-1.189873111820651395e-05
-5.717868338557995145e+00	-1.527539523898660469e-05
-5.768025078369907632e+00	-1.392997601741347084e-05
-5.818181818181818343e+00	-6.168028802871936713e-06
-5.868338557993730831e+00	5.119612449579521968e-06
-5.918495297805643318e+00	1.644989474459650965e-05
-5.968652037617554917e+00	2.171332121015237592e-05
-6.018808777429468293e+00	2.235832770922132327e-05
-6.068965517241380780e+00	1.552954201406258925e-05
-6.119122257053293268e+00	6.216740322311744193e-06
-6.169278996865203979e+00	-5.473172229261919865e-06
-6.219435736677116466e+00	-1.332747287926614650e-05
-6.269592476489028954e+00	-1.790595549789596942e-05
-6.319749216300942329e+00	-2.081182119370915087e-05
-6.369905956112853040e+00	-1.301866666739817226e-05
-6.420062695924765528e+00	-4.794101392433515216e-06
-6.470219435736678903e+00	2.484095651489546572e-06
-6.520376175548589615e+00	1.138069452564435034e-05
-6.570532915360502102e+00	1.561349686924703130e-05
-6.620689655172414589e+00	1.680979280338009229e-05
-6.670846394984327077e+00	1.450274290973377086e-05
-6.721003134796238676e+00	1.210836803780326672e-05
-6.771159874608151163e+00	2.645702074643744656e-06
-6.821316614420064539e+00	-3.474121096514460907e-07
-6.871473354231975250e+00	-5.851043984846428021e-06
-6.921630094043887738e+00	-4.300150295623588766e-06
-6.971786833855800225e+00	-4.672912532423146227e-06
-7.021943573667712712e+00	-5.720387973229560115e-06
-7.072100313479624312e+00	-4.246867499432031587e-06
-7.122257053291536799e+00	-6.152782363155280049e-06
-7.172413793103449287e+00	-7.956621146286223896e-06
-7.222570532915361774e+00	-8.325249944511970690e-06
-7.272727272727273373e+00	-5.884355381610735926e-06
-7.322884012539185861e+00	-1.636015233688650677e-06
-7.373040752351098348e+00	6.814619959635492426e-06
-7.423197492163009947e+00	7.769003266912737565e-06
-7.473354231974922435e+00	9.000523018702981349e-06
-7.523510971786834922e+00	4.304235202736712643e-06
-7.573667711598747410e+00	-1.806290852766022534e-06
-7.623824451410659009e+00	-2.378878917204008593e-06
-7.673981191222571496e+00	-4.220290897869815988e-06
-7.724137931034483984e+00	1.033757390424147694e-06
-7.774294670846394695e+00	4.937161939898834126e-06
-7.824451410658308070e+00	1.328316260062705934e-05
-7.874608150470220558e+00	1.028363698836239968e-05
-7.924764890282133045e+00	8.015267548076834952e-06
-7.974921630094044644e+00	-1.242572616123109200e-06
-8.025078369905957132e+00	-1.175967881221352181e-05
-8.075235109717869619e+00	-2.236398760290464751e-05
-8.125391849529782107e+00	-2.816726520092428706e-05
-8.175548589341692818e+00	-2.517580917486923541e-05
-8.225705329153605305e+00	-1.834226528649966155e-05
-8.275862068965517793e+00	-4.809707422139684110e-06
-8.326018808777430280e+00	7.257236200549121904e-06
-8.376175548589342768e+00	1.795150262542807572e-05
-8.426332288401255255e+00	2.641611646197773575e-05
-8.476489028213167742e+00	2.632920294607764554e-05
-8.526645768025078453e+00	2.014256637232058890e-05
-8.576802507836990941e+00	1.038919713548388607e-05
-8.626959247648903428e+00	1.300531840564570717e-06
-8.677115987460815916e+00	-7.745723287904732510e-06
-8.727272727272728403e+00	-1.523097453369059041e-05
-8.777429467084640891e+00	-1.732956316479144202e-05
-8.827586206896553378e+00	-1.555423274636441144e-05
-8.877742946708464089e+00	-8.924229452439332846e-06
-8.927899686520376576e+00	-3.209812958937796714e-06
-8.978056426332289064e+00	5.071850986234251581e-06
-9.028213166144201551e+00	6.478435849588085246e-06
-9.078369905956114039e+00	5.330618097038552860e-06
-9.128526645768026526e+00	3.649645850245570787e-06
-9.178683385579939014e+00	-2.353938494053726145e-06
-9.228840125391849725e+00	-3.281456472745393564e-06
-9.278996865203762212e+00	-4.679520372137498478e-06
-9.329153605015674700e+00	-3.094104813051184654e-06
-9.379310344827587187e+00	-1.320476160843465903e-06
-9.429467084639499674e+00	2.412312170135910741e-06
-9.479623824451412162e+00	5.559914830017855162e-06
-9.529780564263324649e+00	6.209126685658515289e-06
-9.579937304075235360e+00	3.363879245984298962e-06
-9.630094043887147848e+00	1.769937623616113117e-06
-9.680250783699060335e+00	2.493378348377710990e-06
-9.730407523510972823e+00	7.623593339569735355e-06
-9.780564263322883534e+00	8.852480787133581568e-06
-9.830721003134797797e+00	1.392338523404581006e-05
-9.880877742946710285e+00	1.590734501674445807e-05
-9.931034482758622772e+00	1.452508514135103698e-05
-9.981191222570533483e+00	7.301982558979891942e-06
-1.003134796238244597e+01	-2.067826542731622443e-06
-1.008150470219435846e+01	-1.411102808250414055e-05
-1.013166144200626917e+01	-2.460554886215797900e-05
-1.018181818181818166e+01	-2.908258314408916279e-05
-1.023197492163009592e+01	-2.823881217932638294e-05
-1.028213166144200841e+01	-2.519319011966300137e-05
-1.033228840125391912e+01	-1.730078471195848526e-05
-1.038244514106583161e+01	-8.995770979844036345e-06
-1.043260188087774409e+01	-1.060605310985785043e-06
-1.048275862068965480e+01	6.102388771422237706e-06
-1.053291536050156907e+01	9.529540381761483292e-06
-1.058307210031347978e+01	1.037822797033684344e-05
-1.063322884012539404e+01	1.188113899122331106e-05
-1.068338557993730475e+01	9.799460057399406738e-06
-1.073354231974921724e+01	7.889372015572944130e-06
-1.078369905956112973e+01	6.438634249150005834e-06
-1.083385579937304222e+01	3.868537860066258315e-06
-1.088401253918495293e+01	2.111731337499897355e-06
-1.093416927899686542e+01	1.394365661416846507e-06
-1.098432601880877790e+01	6.342119416772017950e-07
-1.103448275862069039e+01	-2.285891583495746270e-07
-1.108463949843260288e+01	7.370557337092158859e-08
-1.113479623824451537e+01	1.968583749914867485e-07
-1.118495297805642785e+01	-1.319137325547554049e-06
-1.123510971786833856e+01	2.299492701191935664e-07
-1.128526645768025105e+01	-5.338033387722018355e-07
-1.133542319749216531e+01	-9.586976837968803261e-07
-1.138557993730407603e+01	-2.511728163998958377e-07
-1.143573667711598851e+01	2.524824624839452126e-07
-1.148589341692790100e+01	4.379853548677758323e-07
-1.153605015673981349e+01	-1.047579713111439604e-06
-1.158620689655172420e+01	3.925927894876399937e-07
-1.163636363636363669e+01	1.064978945122272444e-07
-1.168652037617554917e+01	2.203347657443748720e-07
-1.173667711598746166e+01	6.240681630390925913e-07
-1.178683385579937415e+01	1.010740817677407250e-06
-1.183699059561128664e+01	5.007370610520898813e-07
-1.188714733542319912e+01	4.109972909214735154e-07
-1.193730407523510983e+01	-7.129320809752071309e-07
-1.198746081504702232e+01	7.885150833524919407e-07
-1.203761755485893481e+01	-9.531788126913523625e-07
-1.208777429467084730e+01	-3.573904241427924459e-07
-1.213793103448275978e+01	-1.673471322698812234e-06
-1.218808777429467227e+01	5.343345472603748288e-07
-1.223824451410658476e+01	5.898717704717484775e-07
-1.228840125391849725e+01	3.058083391387928798e-07
-1.233855799373040796e+01	-1.997052023412126301e-08
-1.238871473354231867e+01	7.326061372864353180e-07
-1.243887147335423293e+01	-5.187527832845494360e-07
-1.248902821316614364e+01	1.671859585855847986e-07
-1.253918495297805791e+01	-4.112315079708766528e-07
-1.258934169278997039e+01	9.515570530467246492e-07
-1.263949843260188111e+01	5.077217229412692496e-08
-1.268965517241379359e+01	4.363407362018100181e-07
-1.273981191222570608e+01	-1.519508428764209107e-06
-1.278996865203761857e+01	-3.729178539832833591e-07
-1.284012539184953283e+01	9.093580687861515717e-07
-1.289028213166144354e+01	-1.594534726052597692e-06
-1.294043887147335425e+01	6.158255516218130646e-07
-1.299059561128526852e+01	-5.392838770573319848e-07
-1.304075235109717923e+01	4.651846010035174645e-07
-1.309090909090909349e+01	6.769034499282987149e-07
-1.314106583072100420e+01	-4.219029783246453244e-07
-1.319122257053291492e+01	-1.366753194510761898e-07
-1.324137931034482918e+01	-9.781157190691214436e-07
-1.329153605015674167e+01	1.489888236430133511e-06
-1.334169278996865238e+01	3.650439761640507094e-07
-1.339184952978056486e+01	-1.030438963880353613e-07
-1.344200626959247735e+01	-1.377853886949810212e-07
-1.349216300940438806e+01	3.805995401846500912e-07
-1.354231974921630233e+01	1.333252419546600093e-07
-1.359247648902821481e+01	3.597695207482150701e-07
-1.364263322884012908e+01	7.668515888303435439e-08
-1.369278996865203979e+01	5.361404099460873987e-07
-1.374294670846395050e+01	-1.133378587963361869e-06
-1.379310344827586476e+01	-8.180125403258442638e-07
-1.384326018808777548e+01	1.087558383045577033e-07
-1.389341692789968619e+01	2.256626761024165964e-07
-1.394357366771160045e+01	3.287371684113199021e-07
-1.399373040752351116e+01	5.645302594162942735e-07
-1.404388714733542187e+01	5.808459738156995243e-07
-1.409404388714733614e+01	-1.173636665473701315e-07
-1.414420062695924685e+01	3.339034830723635871e-07
-1.419435736677115933e+01	2.021941980876839714e-07
-1.424451410658307360e+01	-6.159263071543265784e-07
-1.429467084639498431e+01	-7.698895527661813595e-07
-1.434482758620689857e+01	4.792026320811889763e-07
-1.439498432601881106e+01	1.155676508246956368e-07
-1.444514106583072177e+01	-7.777975432787954658e-07
-1.449529780564263604e+01	4.573982908198724094e-07
-1.454545454545454675e+01	8.540603377829514281e-07
-1.459561128526645746e+01	-3.410565983649424568e-07
-1.464576802507837172e+01	3.734154772939519537e-07
-1.469592476489028243e+01	2.272781055565198790e-07
-1.474608150470219314e+01	2.684726995872204846e-07
-1.479623824451410741e+01	7.109753487486627665e-07
-1.484639498432601812e+01	7.173825565911157493e-07
-1.489655172413793238e+01	-1.859275250809804087e-06
-1.494670846394984487e+01	7.069009919530790952e-07
-1.499686520376175736e+01	6.407818002484068271e-07
