# distance_x[ps] 	  Amplitude [V]
1.230000000000000426e+01	2.723189761014372933e-06
1.220000000000000284e+01	-4.632815874771179152e-06
1.210000000000000142e+01	-9.601713521509619209e-06
1.200000000000000000e+01	-9.864717991515507969e-06
1.190000000000000213e+01	-7.099455498373798704e-06
1.180000000000000426e+01	-1.534566545312765721e-07
1.170000000000000284e+01	7.573972734435172722e-06
1.160000000000000142e+01	1.422489836307516830e-05
1.150000000000000355e+01	1.377033793183511155e-05
1.140000000000000213e+01	5.731250052653563160e-06
1.130000000000000071e+01	-5.215375571832735534e-06
1.120000000000000284e+01	-9.393970032234165541e-06
1.110000000000000497e+01	-7.877484621122612653e-06
1.100000000000000000e+01	-1.852251904422975277e-06
1.090000000000000213e+01	5.148323028702964930e-06
1.080000000000000071e+01	9.789602368205277118e-06
1.070000000000000284e+01	9.586823506687212003e-06
1.060000000000000497e+01	8.670497129004069463e-06
1.050000000000000000e+01	7.567429251657821116e-06
1.040000000000000213e+01	3.476108600500498553e-06
1.030000000000000426e+01	-3.245840534952951226e-06
1.020000000000000284e+01	-6.820556974992881392e-06
1.010000000000000142e+01	-3.565706820537444711e-06
1.000000000000000000e+01	1.021569311923906531e-06
9.900000000000003908e+00	8.623006632980971076e-07
9.800000000000000711e+00	-3.156067003806204687e-06
9.700000000000001066e+00	-2.486379971075728883e-06
9.600000000000001421e+00	2.947295210247785430e-06
9.500000000000000000e+00	3.681897643451542552e-06
9.400000000000002132e+00	-1.189120487335024470e-06
9.300000000000000711e+00	-8.348145188606992043e-06
9.200000000000002842e+00	-1.013355520457375850e-05
9.100000000000001421e+00	-6.719639143427918727e-06
9.000000000000001776e+00	-3.158550900232531196e-06
8.900000000000002132e+00	-1.071979784165014093e-06
8.800000000000000711e+00	1.644786416014717802e-06
8.700000000000002842e+00	5.064427958651257526e-06
8.600000000000001421e+00	5.279411251661750481e-06
8.500000000000003553e+00	-2.293111517466090912e-09
8.400000000000002132e+00	-5.650081888008869984e-06
8.300000000000002487e+00	-6.441574798487217305e-06
8.200000000000002842e+00	-1.977877876313700715e-06
8.100000000000001421e+00	2.335677125261194323e-06
8.000000000000001776e+00	1.384085959521088323e-06
7.900000000000002132e+00	-4.315095699613085467e-07
7.800000000000001599e+00	8.514380563582162638e-07
7.700000000000002842e+00	6.068544935299377500e-06
7.600000000000002309e+00	8.045503175600783174e-06
7.500000000000001776e+00	2.997267316795078172e-06
7.400000000000001243e+00	-3.793558687529550750e-06
7.300000000000001599e+00	-6.011304187482435652e-06
7.200000000000001954e+00	-3.299879788912174338e-06
7.100000000000002309e+00	5.795831008060804143e-07
7.000000000000001776e+00	2.878829100406189960e-06
6.900000000000001243e+00	2.109489043345251947e-06
6.800000000000001599e+00	1.170375210644627136e-06
6.700000000000001954e+00	1.196564439714474803e-06
6.600000000000002309e+00	3.720220968563548186e-06
6.500000000000001776e+00	3.023627285170458527e-06
6.400000000000001243e+00	-1.541525886439847129e-06
6.300000000000001599e+00	-4.974630513451418399e-06
6.200000000000001954e+00	-4.233769456043906983e-06
6.100000000000001421e+00	1.485805791057768673e-06
6.000000000000001776e+00	5.627575247276595023e-06
5.900000000000001243e+00	4.721317213461145577e-06
5.800000000000000711e+00	1.313667161741338702e-06
5.700000000000001954e+00	-1.976820031141622422e-06
5.600000000000001421e+00	-4.062204060647187967e-06
5.500000000000001776e+00	-4.074162493902293475e-06
5.400000000000002132e+00	-1.386986945167523201e-06
5.300000000000000711e+00	4.462174159675146237e-07
5.200000000000001066e+00	-1.758930125648673625e-06
5.100000000000001421e+00	-3.621469117189685897e-06
5.000000000000001776e+00	-2.988949270607382854e-06
4.900000000000000355e+00	-7.539072284010614802e-07
4.800000000000000711e+00	-2.306703843230988154e-07
4.700000000000001954e+00	-7.273905878102016939e-07
4.600000000000001421e+00	1.415829051582973488e-06
4.500000000000000888e+00	5.523201835039808746e-06
4.400000000000001243e+00	5.492210628941322668e-06
4.300000000000001599e+00	-2.181331606477115727e-06
4.200000000000001066e+00	-9.264133076935706366e-06
4.100000000000000533e+00	-8.099208863687094452e-06
4.000000000000001776e+00	2.268149993680718788e-06
3.900000000000001688e+00	1.159055722203647459e-05
3.800000000000000711e+00	1.009239032727079759e-05
3.700000000000001066e+00	1.507260565131237323e-07
3.600000000000001421e+00	-8.470754297196960553e-06
3.500000000000001776e+00	-1.097711903143549226e-05
3.400000000000000355e+00	-6.930532957521018417e-06
3.300000000000000711e+00	-9.904673274912431562e-07
3.200000000000001066e+00	6.187099908535715839e-06
3.100000000000001421e+00	1.234217608656296355e-05
3.000000000000000444e+00	1.390472611828199180e-05
2.900000000000000799e+00	6.068677517623138941e-06
2.800000000000001155e+00	-6.041890437225985482e-06
2.700000000000000178e+00	-9.389286922116485488e-06
2.600000000000000533e+00	-2.722534586295097041e-06
2.500000000000000888e+00	3.615757702789040256e-06
2.400000000000001243e+00	2.541483048720303328e-06
2.300000000000000266e+00	-2.264065789922097372e-06
2.200000000000000622e+00	1.304942049135199116e-06
2.100000000000000977e+00	1.015605076747261545e-05
2.000000000000001332e+00	1.193908450025197183e-05
1.900000000000000133e+00	9.812762425270563875e-08
1.800000000000000488e+00	-1.874471119337716145e-05
1.700000000000000844e+00	-2.664494458501960871e-05
1.600000000000001421e+00	-1.756395376691800763e-05
1.500000000000000222e+00	-4.732273894065764432e-06
1.400000000000000799e+00	6.206929406192043303e-07
1.300000000000000933e+00	-6.816260006497189963e-06
1.200000000000001066e+00	-1.459864336195363833e-05
1.100000000000000089e+00	-1.021533616682893985e-05
1.000000000000000444e+00	1.019522726159640937e-06
9.000000000000010214e-01	7.451937738958042607e-06
7.999999999999998224e-01	5.255931871652226420e-06
7.000000000000001776e-01	9.690167735447905462e-07
6.000000000000005329e-01	1.596233151338021139e-06
5.000000000000008882e-01	1.540316644211059984e-06
3.999999999999999112e-01	-3.673900678594335292e-06
3.000000000000002665e-01	-6.382959695971976800e-06
2.000000000000006217e-01	5.999353842804111840e-06
1.000000000000005329e-01	3.454514245725966810e-05
0.000000000000000000e+00	5.511625745292377215e-05
-9.999999999999964473e-02	4.995656680874798204e-05
-1.999999999999992895e-01	2.641740975506959776e-05
-2.999999999999989342e-01	-2.252143755262506957e-06
-3.999999999999999112e-01	-2.006980663491718996e-05
-4.999999999999995559e-01	-2.011681164049479187e-05
-5.999999999999992006e-01	-1.234734609383514711e-05
-7.000000000000001776e-01	-5.063218188906593323e-06
-8.000000000000002665e-01	-1.083778731786629900e-06
-8.999999999999994671e-01	-4.879201836264244533e-07
-9.999999999999991118e-01	-2.941426771954409761e-06
-1.100000000000000533e+00	-6.131419904360291880e-06
-1.200000000000000178e+00	-8.163397347281823387e-06
-1.299999999999999822e+00	-8.409293774040999539e-06
-1.399999999999999467e+00	-6.234259476265288740e-06
-1.499999999999999556e+00	-4.093714518207300956e-06
-1.599999999999998757e+00	-3.641859715900551348e-06
-1.700000000000001066e+00	-2.776942925529618156e-06
-1.800000000000000711e+00	-2.346591604595650237e-06
-1.900000000000000355e+00	-2.421416918334889276e-06
-2.000000000000000000e+00	-1.660563360865045844e-06
-2.100000000000000533e+00	-1.600578299617148550e-06
-2.199999999999999289e+00	-1.061483800759671895e-06
-2.299999999999998934e+00	-1.112140622915354080e-06
-2.400000000000002132e+00	-7.576882863690142777e-07
-2.500000000000000888e+00	-3.038092298034603295e-07
-2.600000000000000533e+00	4.875127655307286371e-07
-2.699999999999999289e+00	1.017144508747346760e-06
