# distance_x[ps] 	  Amplitude [V]
1.118495297805642608e+01	-3.155430731739188803e-05
1.113479623824451359e+01	-3.493236021163758043e-05
1.108463949843260110e+01	-3.342309403114186305e-05
1.103448275862069039e+01	-2.804977106211666417e-05
1.098432601880877613e+01	-1.852216174014237354e-05
1.093416927899686364e+01	-5.736654276975148594e-06
1.088401253918495115e+01	9.927042058162172808e-06
1.083385579937304044e+01	2.340661271106035757e-05
1.078369905956112795e+01	3.152573969507112544e-05
1.073354231974921724e+01	3.074582276883702699e-05
1.068338557993730475e+01	2.252808214261218899e-05
1.063322884012539049e+01	1.469238469168881035e-05
1.058307210031347800e+01	9.835367183955971506e-06
1.053291536050156552e+01	9.392762196714384801e-06
1.048275862068965480e+01	1.060847018760641853e-05
1.043260188087774054e+01	1.007908303591811528e-05
1.038244514106582983e+01	2.859347763228704431e-06
1.033228840125391912e+01	-1.278253069107312484e-05
1.028213166144200486e+01	-3.520548050194009538e-05
1.023197492163009237e+01	-5.482851565338026296e-05
1.018181818181818166e+01	-6.057456358141637782e-05
1.013166144200626917e+01	-4.916152617815795561e-05
1.008150470219435668e+01	-2.528739443249957797e-05
1.003134796238244419e+01	1.382519237366297816e-06
9.981191222570533483e+00	2.292217501141548722e-05
9.931034482758619220e+00	3.435717325231207685e-05
9.880877742946706732e+00	3.353759768244258784e-05
9.830721003134794245e+00	2.482906824125200702e-05
9.780564263322883534e+00	1.580029991242912113e-05
9.730407523510971046e+00	1.518229466520340556e-05
9.680250783699058559e+00	2.677423784728747704e-05
9.630094043887146071e+00	4.176756155489280470e-05
9.579937304075233584e+00	5.015611445968058333e-05
9.529780564263322873e+00	4.893804372517532037e-05
9.479623824451410385e+00	3.268479230493109595e-05
9.429467084639497898e+00	7.669814456554066015e-06
9.379310344827585411e+00	-1.545044927271677318e-05
9.329153605015672923e+00	-3.657717159673714408e-05
9.278996865203760436e+00	-4.602421922148670588e-05
9.228840125391847948e+00	-4.346024096154479894e-05
9.178683385579937237e+00	-3.131211334873498759e-05
9.128526645768022973e+00	-1.851454441087800756e-05
9.078369905956114039e+00	-1.131057078507848690e-05
9.028213166144201551e+00	-9.351302438036161843e-06
8.978056426332289064e+00	-1.050347940595487468e-05
8.927899686520376576e+00	-9.802692323016617485e-06
8.877742946708462313e+00	-6.801365419870513369e-06
8.827586206896551602e+00	5.454408665354453236e-08
8.777429467084637338e+00	9.857457790499890519e-06
8.727272727272726627e+00	1.870145664984664520e-05
8.677115987460815916e+00	2.199350722395050823e-05
8.626959247648901652e+00	1.892018794316346520e-05
8.576802507836989165e+00	1.152376421671820548e-05
8.526645768025078453e+00	2.527149211470915608e-07
8.476489028213165966e+00	-9.886072537572340057e-06
8.426332288401251702e+00	-1.651870338808092461e-05
8.376175548589342768e+00	-2.042050428928942880e-05
8.326018808777428504e+00	-1.745984042000859969e-05
8.275862068965517793e+00	-1.108211561576167972e-05
8.225705329153603529e+00	9.082680451455737509e-08
8.175548589341692818e+00	9.593776517623769245e-06
8.125391849529780330e+00	1.576650144267168494e-05
8.075235109717867843e+00	1.504900881110089785e-05
8.025078369905953579e+00	7.056673960746355574e-06
7.974921630094043756e+00	-3.723794185275949578e-06
7.924764890282132157e+00	-1.347752846309956083e-05
7.874608150470218781e+00	-1.793007510634158613e-05
7.824451410658307182e+00	-1.609709898374267915e-05
7.774294670846395583e+00	-8.288235386290885453e-06
7.724137931034482207e+00	3.681247568052411200e-06
7.673981191222570608e+00	1.629782106085618916e-05
7.623824451410658121e+00	2.330806764591029437e-05
7.573667711598746521e+00	2.112984697639867115e-05
7.523510971786833146e+00	1.081962002273850487e-05
7.473354231974921547e+00	-2.157027015797284701e-06
7.423197492163009947e+00	-1.329652387443782421e-05
7.373040752351096572e+00	-1.922262475249350637e-05
7.322884012539184972e+00	-1.757885327702620484e-05
7.272727272727272485e+00	-1.131279057188904676e-05
7.222570532915360886e+00	-4.135535976938543528e-06
7.172413793103448398e+00	2.623827573770782348e-06
7.122257053291536799e+00	4.679697441633555860e-06
7.072100313479624312e+00	2.931803123971056392e-06
7.021943573667710936e+00	-9.786553678113271522e-07
6.971786833855799337e+00	-4.458517243776922059e-06
6.921630094043886849e+00	-5.886139791984114524e-06
6.871473354231974362e+00	-4.742292299763764967e-06
6.821316614420062763e+00	-2.525947002787154349e-06
6.771159874608151163e+00	6.160922988169665908e-07
6.721003134796237788e+00	3.772838215556913929e-06
6.670846394984326189e+00	8.104222198743798799e-06
6.620689655172413701e+00	1.200696981511295340e-05
6.570532915360501214e+00	1.512994680298457746e-05
6.520376175548588726e+00	1.488900920130814456e-05
6.470219435736677127e+00	8.355805774173276351e-06
6.420062695924765528e+00	-3.141948744711896613e-06
6.369905956112852152e+00	-1.795401993119328016e-05
6.319749216300940553e+00	-3.074585758488491239e-05
6.269592476489028066e+00	-3.521884212742811487e-05
6.219435736677115578e+00	-2.965107258600122654e-05
6.169278996865203091e+00	-1.609315650591635371e-05
6.119122257053291492e+00	5.905526879658237167e-06
6.068965517241379892e+00	2.524928563051090358e-05
6.018808777429467405e+00	3.762187986509126511e-05
5.968652037617554917e+00	3.712612237807974628e-05
5.918495297805642430e+00	2.590050784915893855e-05
5.868338557993729943e+00	1.142016853872279222e-05
5.818181818181817455e+00	-6.731820012544506059e-07
5.768025078369905856e+00	-6.275254845133096271e-06
5.717868338557993368e+00	-1.029780114133800904e-05
5.667711598746081769e+00	-1.155692140300779363e-05
5.617554858934170170e+00	-1.426538239321950246e-05
5.567398119122256794e+00	-1.681763274434456868e-05
5.517241379310345195e+00	-1.863871215304598318e-05
5.467084639498432708e+00	-1.694052372225150031e-05
5.416927899686520220e+00	-8.202361780023050599e-06
5.366771159874607733e+00	5.254526745194433210e-06
5.316614420062696134e+00	1.589975037066280325e-05
5.266457680250783646e+00	2.096603887781235879e-05
5.216300940438871159e+00	1.663282300782315969e-05
5.166144200626959559e+00	6.654253902146826211e-06
5.115987460815047072e+00	-6.368418544982914203e-06
5.065830721003134585e+00	-1.739747081115788183e-05
5.015673981191222097e+00	-2.211986925632832441e-05
4.965517241379310498e+00	-1.755287347175953880e-05
4.915360501567397122e+00	-9.156424005969808526e-06
4.865203761755485523e+00	-2.721693550148478762e-07
4.815047021943573036e+00	4.327372752457919253e-06
4.764890282131660548e+00	3.898361146012991054e-06
4.714733542319748949e+00	1.548557145564831173e-06
4.664576802507836462e+00	2.795142750803162567e-06
4.614420062695924862e+00	7.395553149409527890e-06
4.564263322884012375e+00	1.663323763530250986e-05
4.514106583072099887e+00	2.716387320692983939e-05
4.463949843260187400e+00	3.243485422736071001e-05
4.413793103448274913e+00	2.711284431024222163e-05
4.363636363636363313e+00	1.155594778453741391e-05
4.313479623824451714e+00	-1.186904270048567565e-05
4.263322884012538339e+00	-3.455267520814508936e-05
4.213166144200627627e+00	-4.576365556744385176e-05
4.163009404388714252e+00	-4.549665745057156316e-05
4.112852664576801764e+00	-3.265562560041264487e-05
4.062695924764889277e+00	-1.284445525236224751e-05
4.012539184952977678e+00	1.096509588956613657e-05
3.962382445141066079e+00	3.364484412198431878e-05
3.912225705329152703e+00	4.581303052601834837e-05
3.862068965517240215e+00	4.574284418690174214e-05
3.811912225705329504e+00	3.228293422657923498e-05
3.761755485893417017e+00	1.112649324059440298e-05
3.711598746081503641e+00	-1.209757998644067402e-05
3.661442006269592930e+00	-2.817413169925700765e-05
3.611285266457679555e+00	-3.970230682790034060e-05
3.561128526645767955e+00	-4.099943601521942462e-05
3.510971786833854580e+00	-3.544347860931107728e-05
3.460815047021943869e+00	-2.440553119457893158e-05
3.410658307210031381e+00	-9.116002926053465007e-06
3.360501567398118006e+00	2.342773093000428126e-06
3.310344827586207295e+00	1.014389328489324217e-05
3.260188087774294807e+00	1.276702295515870884e-05
3.210031347962382320e+00	1.271895078496186593e-05
3.159874608150469832e+00	1.288073269506449044e-05
3.109717868338558233e+00	1.482042686213497454e-05
3.059561128526645746e+00	1.922540018936120908e-05
3.009404388714732814e+00	2.205712300114140624e-05
2.959247648902820327e+00	2.156052342295151713e-05
2.909090909090909172e+00	1.454182357180657220e-05
2.858934169278996684e+00	2.894637872047765930e-07
2.808777429467083753e+00	-1.393595839913628552e-05
2.758620689655172598e+00	-2.301864641165293285e-05
2.708463949843260110e+00	-2.174701945189317745e-05
2.658307210031347623e+00	-1.179572309289811740e-05
2.608150470219434691e+00	8.456512071871550428e-07
2.557993730407523536e+00	1.000903965360419026e-05
2.507836990595611049e+00	8.675050118538748384e-06
2.457680250783698561e+00	2.894208825801111903e-07
2.407523510971786962e+00	-1.464038516578745002e-05
2.357366771159874475e+00	-2.983476803315170760e-05
2.307210031347961987e+00	-3.544610106657443362e-05
2.257053291536049500e+00	-2.453889617606299671e-05
2.206896551724137900e+00	4.192386363006479442e-06
2.156739811912225413e+00	3.876148788804652235e-05
2.106583072100312926e+00	6.425648373221200423e-05
2.056426332288400438e+00	7.846446307856307101e-05
2.006269592476488839e+00	7.397535940920397265e-05
1.956112852664576351e+00	5.274437568215137144e-05
1.905956112852663864e+00	1.587965025736155523e-05
1.855799373040752709e+00	-2.552744897259785696e-05
1.805642633228839777e+00	-6.212552567186461789e-05
1.755485893416927290e+00	-8.312659512068452006e-05
1.705329153605014580e+00	-8.552142101868989200e-05
1.655172413793103647e+00	-6.749079575934962866e-05
1.605015673981190938e+00	-3.465614850245703026e-05
1.554858934169278228e+00	1.409956920678458625e-06
1.504702194357367073e+00	3.203754368754612711e-05
1.454545454545454586e+00	5.387090183887206492e-05
1.404388714733541876e+00	6.164299564546970624e-05
1.354231974921629167e+00	5.401917987003849287e-05
1.304075235109718012e+00	3.332184579879925217e-05
1.253918495297805302e+00	7.138601924092603070e-06
1.203761755485892815e+00	-1.717559692992294882e-05
1.153605015673980105e+00	-2.888457126771323184e-05
1.103448275862068950e+00	-2.010410237630803928e-05
1.053291536050156241e+00	-1.241782098413648647e-05
1.003134796238243753e+00	3.335661894205882092e-06
9.529780564263324871e-01	1.510418714767726321e-05
9.028213166144198887e-01	1.732951850178051877e-05
8.526645768025072902e-01	1.106219872630839070e-05
8.025078369905946918e-01	-2.405235544645501408e-06
7.523510971786835366e-01	-1.622720567549292890e-05
7.021943573667708272e-01	-2.447050972111883339e-05
6.520376175548581177e-01	-2.238039616009841135e-05
6.018808777429470735e-01	-1.570477153474118966e-05
5.517241379310343641e-01	-1.268868245145354139e-05
5.015673981191217656e-01	-1.818528324336216807e-05
4.514106583072091672e-01	-3.430799576051422764e-05
4.012539184952980120e-01	-5.586599888844389809e-05
3.510971786833853026e-01	-7.720296670954449687e-05
3.009404388714727041e-01	-8.687891912297673381e-05
2.507836990595601057e-01	-7.432086243889642822e-05
2.006269592476487285e-01	-3.933717299819857052e-05
1.504702194357361300e-01	1.746927468979210006e-05
1.003134796238236426e-01	8.584308894683307821e-05
5.015673981191248743e-02	1.425297310972815814e-04
0.000000000000000000e+00	1.744040374584203640e-04
-5.015673981191293151e-02	1.719735938642363122e-04
-1.003134796238254189e-01	1.477466139578136300e-04
-1.504702194357365741e-01	1.041157136973102504e-04
-2.006269592476490615e-01	5.223541816534883465e-05
-2.507836990595619930e-01	5.298113096211605142e-06
-3.009404388714729262e-01	-3.376713267675967862e-05
-3.510971786833858577e-01	-5.769051734898632158e-05
-4.012539184952983451e-01	-7.016011085135841251e-05
-4.514106583072108325e-01	-6.831657403673992331e-05
-5.015673981191219877e-01	-6.050205775498845222e-05
-5.517241379310346971e-01	-4.888579732184350794e-05
-6.018808777429474066e-01	-3.639721078615743314e-05
-6.520376175548601161e-01	-2.701882814473511788e-05
-7.021943573667712712e-01	-1.760472845831058907e-05
-7.523510971786835366e-01	-1.180971931998620647e-05
-8.025078369905962461e-01	-7.001611150147060182e-06
-8.526645768025076233e-01	-3.597190550626454843e-06
-9.028213166144201107e-01	-6.054006070212447903e-07
-9.529780564263330422e-01	-2.016429439961836234e-07
-1.003134796238245530e+00	2.290560099007495957e-07
-1.053291536050156685e+00	3.973984591274182862e-07
-1.103448275862069616e+00	1.939148363976379101e-07
-1.153605015673982104e+00	3.887987194613869984e-07
-1.203761755485893259e+00	-7.672648096006864945e-08
-1.253918495297805746e+00	-4.540561260616117009e-07
-1.304075235109718234e+00	-5.746457280356695521e-07
-1.354231974921631165e+00	-1.394352825197172295e-07
-1.404388714733542320e+00	-7.486595004563289099e-07
-1.454545454545454808e+00	-1.022669885882024823e-06
-1.504702194357367295e+00	-1.443629138302656797e-06
-1.554858934169280227e+00	-1.982743506924835191e-06
-1.605015673981191826e+00	-1.865918434087916467e-06
-1.655172413793103869e+00	-1.309311287306044729e-06
-1.705329153605016801e+00	-1.311419592427923350e-06
-1.755485893416927512e+00	-1.156128765192200124e-06
-1.805642633228840443e+00	-7.537727118524178465e-07
-1.855799373040752931e+00	-2.200933393113190153e-07
-1.905956112852665418e+00	-4.106732203343490950e-07
-1.956112852664577018e+00	-1.507411786349320560e-07
-2.006269592476488839e+00	-8.747619950226414983e-08
-2.056426332288402214e+00	-7.037061799631363911e-09
-2.106583072100314702e+00	1.684611402990013007e-07
-2.156739811912226301e+00	-1.821489464376495771e-07
-2.206896551724137012e+00	-2.053420611645705570e-07
-2.257053291536051276e+00	-8.800283618616960502e-07
-2.307210031347961987e+00	-3.180428390362129178e-08
-2.357366771159876251e+00	5.970424696268955106e-09
-2.407523510971787850e+00	-3.299530925078829200e-07
-2.457680250783698561e+00	-5.363326015639533163e-07
-2.507836990595611937e+00	-1.288723045979917166e-07
-2.557993730407523536e+00	3.196350577917268158e-07
-2.608150470219435135e+00	1.983922153232754246e-07
-2.658307210031349399e+00	6.010181809534732581e-07
-2.708463949843260110e+00	2.824058006086895327e-07
-2.758620689655171709e+00	-1.102873927342126249e-07
-2.808777429467085973e+00	3.852413282252963781e-08
-2.858934169278995796e+00	1.260003323247938075e-07
-2.909090909090910948e+00	-1.854095220735957319e-08
-2.959247648902821659e+00	-3.069314204409978826e-07
-3.009404388714732370e+00	-1.003985801033363351e-07
-3.059561128526647522e+00	4.818658839057071387e-07
-3.109717868338559121e+00	3.638851996208330232e-07
-3.159874608150469832e+00	-1.989607016000922222e-07
-3.210031347962383208e+00	-2.910955696510679703e-08
-3.260188087774294807e+00	-1.589531941313434398e-07
-3.310344827586205518e+00	-7.461624161330763753e-08
-3.360501567398119782e+00	-1.511208142277707138e-07
-3.410658307210031381e+00	3.845933628896732189e-07
-3.460815047021945645e+00	-2.732194632873966031e-07
-3.510971786833856356e+00	5.206620390821605975e-07
-3.561128526645767955e+00	1.123127020247711995e-07
-3.611285266457681331e+00	-1.764945037517238837e-08
-3.661442006269592930e+00	9.723031974587112430e-08
-3.711598746081503641e+00	-2.930978440816626698e-07
-3.761755485893418793e+00	-1.519759174644425915e-07
-3.811912225705329504e+00	8.447533751644433778e-08
-3.862068965517240215e+00	1.808834358486454156e-07
-3.912225705329154479e+00	1.076804092699114129e-07
-3.962382445141065190e+00	4.341024863355554582e-07
-4.012539184952976790e+00	-1.100628468092218943e-07
-4.062695924764891053e+00	2.400418797172305587e-07
-4.112852664576801764e+00	-5.665872196594749084e-08
-4.163009404388716028e+00	8.898528175555741962e-07
-4.213166144200628516e+00	3.544655244432655096e-07
-4.263322884012539227e+00	7.701239456542099006e-08
-4.313479623824452602e+00	2.909056639353358139e-08
-4.363636363636363313e+00	1.713610709136819572e-07
-4.413793103448274913e+00	-6.745978538684095040e-08
-4.463949843260189176e+00	-8.825621964577153311e-08
-4.514106583072099887e+00	2.765361314449340268e-07
-4.564263322884011487e+00	1.744829098739682663e-08
-4.614420062695925751e+00	2.655347878293934034e-07
-4.664576802507836462e+00	7.095165915100386510e-07
-4.714733542319750725e+00	7.403929749859572193e-07
-4.764890282131662325e+00	6.939232221849184070e-07
-4.815047021943574812e+00	5.733246524409511003e-07
