# distance_x[ps] 	  Amplitude [V]
1.123510971786834034e+01	-2.749067052362267846e-05
1.118495297805642785e+01	-3.026520252575562209e-05
1.113479623824451537e+01	-3.060032210876317675e-05
1.108463949843260465e+01	-2.769346943074406711e-05
1.103448275862069039e+01	-2.100281587805015123e-05
1.098432601880877790e+01	-9.599185665426874451e-06
1.093416927899686542e+01	5.692929013443691372e-06
1.088401253918495470e+01	2.019034348530354244e-05
1.083385579937304222e+01	3.016410129450407989e-05
1.078369905956113151e+01	3.121857247503308827e-05
1.073354231974921902e+01	2.470217816548128147e-05
1.068338557993730475e+01	1.580984742228755846e-05
1.063322884012539227e+01	1.085138773220798550e-05
1.058307210031347978e+01	9.425076940148349746e-06
1.053291536050156907e+01	1.173351173881051100e-05
1.048275862068965480e+01	1.361080658030253976e-05
1.043260188087774409e+01	1.028309241613867399e-05
1.038244514106583338e+01	-2.046344689509799493e-06
1.033228840125391912e+01	-2.345399330794240949e-05
1.028213166144200663e+01	-4.470384557456201144e-05
1.023197492163009592e+01	-5.598191276552255300e-05
1.018181818181818343e+01	-5.151435460296777959e-05
1.013166144200627095e+01	-3.256815889619616534e-05
1.008150470219435846e+01	-8.318711912732013161e-06
1.003134796238244775e+01	1.350374828809027658e-05
9.981191222570533483e+00	2.662443125094801882e-05
9.931034482758620996e+00	2.776459298973553544e-05
9.880877742946708508e+00	1.993565723732397673e-05
9.830721003134797797e+00	1.052854045440237334e-05
9.780564263322885310e+00	8.691147617203686792e-06
9.730407523510972823e+00	1.834899269647947292e-05
9.680250783699060335e+00	3.542423711601901755e-05
9.630094043887147848e+00	4.815741148741196779e-05
9.579937304075237137e+00	4.953102397087180030e-05
9.529780564263324649e+00	3.997941074226758854e-05
9.479623824451412162e+00	1.735865812715061830e-05
9.429467084639499674e+00	-6.758291814285818038e-06
9.379310344827587187e+00	-3.054572474300605301e-05
9.329153605015674700e+00	-4.317959407470875927e-05
9.278996865203762212e+00	-4.373592163807580089e-05
9.228840125391849725e+00	-3.259768817996076411e-05
9.178683385579937237e+00	-2.098629812506984634e-05
9.128526645768026526e+00	-1.212572260680317851e-05
9.078369905956114039e+00	-9.667127952002577433e-06
9.028213166144203328e+00	-9.510191626907757510e-06
8.978056426332289064e+00	-1.011373256462383321e-05
8.927899686520376576e+00	-7.856928734103608592e-06
8.877742946708464089e+00	-1.906191809558690540e-06
8.827586206896551602e+00	7.090911499552107560e-06
8.777429467084639114e+00	1.593304471108042053e-05
8.727272727272728403e+00	2.192331402712750300e-05
8.677115987460815916e+00	2.046322393172063329e-05
8.626959247648901652e+00	1.296661192816834837e-05
8.576802507836992717e+00	2.384745772949753300e-06
8.526645768025078453e+00	-7.761934554160484736e-06
8.476489028213165966e+00	-1.555769166797012174e-05
8.426332288401255255e+00	-1.887794834018036014e-05
8.376175548589342768e+00	-1.755581279022637266e-05
8.326018808777430280e+00	-1.187391395793283025e-05
8.275862068965517793e+00	-2.605673994055791302e-06
8.225705329153605305e+00	7.653726804852165457e-06
8.175548589341692818e+00	1.499768292297450896e-05
8.125391849529780330e+00	1.530985679620147031e-05
8.075235109717867843e+00	8.911519484898079482e-06
8.025078369905957132e+00	-8.921376646576333526e-07
7.974921630094044644e+00	-1.017875452330427557e-05
7.924764890282131269e+00	-1.658924386618964222e-05
7.874608150470219670e+00	-1.696622517497371892e-05
7.824451410658308070e+00	-1.159094775962410360e-05
7.774294670846394695e+00	-6.064217019205567069e-08
7.724137931034483096e+00	1.178632838680539405e-05
7.673981191222570608e+00	2.135776742045479218e-05
7.623824451410659009e+00	2.295307179217198141e-05
7.573667711598745633e+00	1.467143351943928228e-05
7.523510971786834034e+00	1.439339730867869160e-06
7.473354231974922435e+00	-1.041961528350128745e-05
7.423197492163009059e+00	-1.721838022593664980e-05
7.373040752351097460e+00	-1.838801972777144293e-05
7.322884012539184972e+00	-1.376175261093638554e-05
7.272727272727273373e+00	-6.813531870219796427e-06
7.222570532915360886e+00	7.173746438529601978e-07
7.172413793103449287e+00	5.265072315092216738e-06
7.122257053291536799e+00	4.162982452181987649e-06
7.072100313479623424e+00	-1.595422535273645441e-07
7.021943573667711824e+00	-3.981899263654572154e-06
6.971786833855799337e+00	-5.667940762187223750e-06
6.921630094043886849e+00	-4.467645026835863834e-06
6.871473354231975250e+00	-2.033741456014332366e-06
6.821316614420063651e+00	7.071589472169486752e-07
6.771159874608150275e+00	3.652101084975911823e-06
6.721003134796238676e+00	6.578753895600860349e-06
6.670846394984326189e+00	1.005831596670967428e-05
6.620689655172413701e+00	1.308200374036736653e-05
6.570532915360501214e+00	1.460194244624861172e-05
6.520376175548589615e+00	1.040867653843648814e-05
6.470219435736678015e+00	6.266107895663956066e-07
6.420062695924764640e+00	-1.318227237572632677e-05
6.369905956112853040e+00	-2.645383085792902267e-05
6.319749216300940553e+00	-3.327852513994547404e-05
6.269592476489028066e+00	-3.148825810946023800e-05
6.219435736677115578e+00	-1.843500099513457660e-05
6.169278996865203979e+00	-3.023369329906576347e-09
6.119122257053292380e+00	2.111591282034545143e-05
6.068965517241379892e+00	3.489096920586200358e-05
6.018808777429467405e+00	3.604828224419813758e-05
5.968652037617554917e+00	2.466178469222916634e-05
5.918495297805642430e+00	1.091667485553594905e-05
5.868338557993729943e+00	-4.469506630365915966e-07
5.818181818181818343e+00	-6.268685162400516960e-06
5.768025078369905856e+00	-8.145713784213268308e-06
5.717868338557994257e+00	-8.390026959986842718e-06
5.667711598746082657e+00	-9.504432208562302772e-06
5.617554858934169282e+00	-1.326866242003777868e-05
5.567398119122257683e+00	-1.722070129579559970e-05
5.517241379310345195e+00	-1.823540956038418014e-05
5.467084639498432708e+00	-1.201509514216690521e-05
5.416927899686520220e+00	-9.192152304644059335e-07
5.366771159874608621e+00	1.230348824797992930e-05
5.316614420062696134e+00	1.932891480575018315e-05
5.266457680250783646e+00	1.870994842459651163e-05
5.216300940438872047e+00	1.067109546581886927e-05
5.166144200626959559e+00	-2.131488565481070847e-06
5.115987460815047960e+00	-1.366458066961423915e-05
5.065830721003135473e+00	-2.013866961253694041e-05
5.015673981191223874e+00	-1.834379895099282111e-05
4.965517241379309610e+00	-9.040961858320520494e-06
4.915360501567398011e+00	-1.394760770808744799e-07
4.865203761755485523e+00	4.910504452568806646e-06
4.815047021943573924e+00	4.516282694052885744e-06
4.764890282131662325e+00	1.725123039798580377e-06
4.714733542319749837e+00	6.024298134404159309e-07
4.664576802507837350e+00	3.544225494831498184e-06
4.614420062695924862e+00	1.121426713488993933e-05
4.564263322884013263e+00	2.238606871416277990e-05
4.514106583072100776e+00	2.957330953634278165e-05
4.463949843260187400e+00	3.026948472380675844e-05
4.413793103448276689e+00	1.587780078669667522e-05
4.363636363636364202e+00	-5.253530619379967944e-06
4.313479623824451714e+00	-2.845781145070873567e-05
4.263322884012540115e+00	-4.357895172780348842e-05
4.213166144200627627e+00	-4.740750617029271409e-05
4.163009404388715140e+00	-3.849274914461865032e-05
4.112852664576802653e+00	-1.985988257084470222e-05
4.062695924764891053e+00	4.091809658375331768e-06
4.012539184952978566e+00	2.810235278970763697e-05
3.962382445141066079e+00	4.236848583802016260e-05
3.912225705329152703e+00	4.640277112087533155e-05
3.862068965517241992e+00	3.683656346217848386e-05
3.811912225705329504e+00	1.793294795780791366e-05
3.761755485893417017e+00	-4.887888088534109564e-06
3.711598746081505418e+00	-2.331517908744858530e-05
3.661442006269592930e+00	-3.713745412247293660e-05
3.611285266457680443e+00	-4.205371095984217168e-05
3.561128526645767955e+00	-3.810663618432586576e-05
3.510971786833856356e+00	-2.792535433245472228e-05
3.460815047021943869e+00	-1.070069508503373960e-05
3.410658307210031381e+00	1.202012975369731410e-06
3.360501567398120670e+00	9.845610311417588983e-06
3.310344827586207295e+00	1.444692733397794830e-05
3.260188087774294807e+00	1.335866594810691274e-05
3.210031347962382320e+00	1.242779666104844976e-05
3.159874608150470721e+00	1.343471175774698107e-05
3.109717868338558677e+00	1.716143717291297984e-05
3.059561128526645746e+00	2.014132459994605253e-05
3.009404388714733258e+00	2.078848934230656894e-05
2.959247648902822103e+00	1.491619033606544187e-05
2.909090909090909172e+00	3.227613806369677918e-06
2.858934169278996684e+00	-1.185868738798087490e-05
2.808777429467085529e+00	-2.252188629279779929e-05
2.758620689655173042e+00	-2.347147219485067372e-05
2.708463949843260110e+00	-1.491946603382319657e-05
2.658307210031347623e+00	-5.518420958646250536e-07
2.608150470219436468e+00	1.016686959059470271e-05
2.557993730407523980e+00	1.255718839294669321e-05
2.507836990595611049e+00	4.877387181647248440e-06
2.457680250783700338e+00	-1.061568062629096649e-05
2.407523510971787406e+00	-2.742089740527641070e-05
2.357366771159874475e+00	-3.717359740030379094e-05
2.307210031347961987e+00	-3.092278166239916806e-05
2.257053291536051276e+00	-6.033569929297531125e-06
2.206896551724138344e+00	2.853315021323495377e-05
2.156739811912225857e+00	5.929634970673872856e-05
2.106583072100312926e+00	7.602498384075992107e-05
2.056426332288402214e+00	7.550910390894169768e-05
2.006269592476489283e+00	5.650177421134200200e-05
1.956112852664576796e+00	2.456411811685298935e-05
1.905956112852665640e+00	-1.643791925499471098e-05
1.855799373040752709e+00	-5.328343466160645600e-05
1.805642633228840221e+00	-7.708638376649514499e-05
1.755485893416927512e+00	-8.645580584739154056e-05
1.705329153605016579e+00	-6.978529886369932880e-05
1.655172413793103869e+00	-3.894804335044365761e-05
1.605015673981191160e+00	-5.683925372454478112e-06
1.554858934169280005e+00	2.502788633772666914e-05
1.504702194357367517e+00	4.909866932047548470e-05
1.454545454545454808e+00	5.179920543966651611e-05
1.404388714733542098e+00	5.638702860609235589e-05
1.354231974921630943e+00	3.795921519062098539e-05
1.304075235109718234e+00	1.221001278624678431e-05
1.253918495297805746e+00	-1.235431580944114460e-05
1.203761755485893037e+00	-2.831818432824840352e-05
1.153605015673981882e+00	-2.838109129993919176e-05
1.103448275862069172e+00	-1.629380525832295500e-05
1.053291536050156685e+00	-4.543423913442161590e-08
1.003134796238245530e+00	1.294433880113097451e-05
9.529780564263328202e-01	1.869296206167877231e-05
9.028213166144202217e-01	1.445335282903747302e-05
8.526645768025076233e-01	1.660074177808409753e-06
8.025078369905964681e-01	-1.257091558693749416e-05
7.523510971786837587e-01	-2.310262711511534037e-05
7.021943573667710492e-01	-2.220802155534631892e-05
6.520376175548600051e-01	-1.320534574434915919e-05
6.018808777429472956e-01	-6.672707462557223845e-06
5.517241379310346971e-01	-8.193726169277379954e-06
5.015673981191220987e-01	-2.222061195262211146e-05
4.514106583072109435e-01	-4.493140484608098970e-05
4.012539184952982341e-01	-6.883827809551785332e-05
3.510971786833856356e-01	-8.230869300701559551e-05
3.009404388714730372e-01	-7.680830078266010462e-05
2.507836990595616600e-01	-4.635668786137354095e-05
2.006269592476490615e-01	8.732803963465418911e-06
1.504702194357365741e-01	7.950864207265389996e-05
1.003134796238254189e-01	1.372312559493397131e-04
5.015673981191293151e-02	1.738052747595184618e-04
0.000000000000000000e+00	1.749178442528418094e-04
-5.015673981191248743e-02	1.541545483654679308e-04
-1.003134796238236426e-01	1.029403902119004305e-04
-1.504702194357361300e-01	5.920632718809802126e-05
-2.006269592476490615e-01	7.955672848577941263e-06
-2.507836990595599946e-01	-3.281603139743071541e-05
-3.009404388714729262e-01	-6.211797533711662831e-05
-3.510971786833854136e-01	-7.597698481943135958e-05
-4.012539184952979010e-01	-7.511964403624775031e-05
-4.514106583072090562e-01	-6.640580426856170079e-05
-5.015673981191217656e-01	-5.377624474157436605e-05
-5.517241379310344751e-01	-4.175637558072029697e-05
-6.018808777429471846e-01	-2.993160904618033232e-05
-6.520376175548583397e-01	-2.108418643295300227e-05
-7.021943573667706051e-01	-1.389553767089719323e-05
-7.523510971786833146e-01	-8.488413770373797853e-06
-8.025078369905946918e-01	-4.620287196853000481e-06
-8.526645768025071792e-01	-1.778588180644965094e-06
-9.028213166144201107e-01	-7.601051882789578170e-07
-9.529780564263325981e-01	-1.910534144419807098e-07
-1.003134796238243753e+00	1.328664789802662339e-07
-1.053291536050156685e+00	2.706154690797319513e-07
-1.103448275862069172e+00	1.870107085990190855e-07
-1.153605015673980327e+00	1.903382787513485017e-07
-1.203761755485892815e+00	-7.740152544404629371e-08
-1.253918495297805302e+00	1.029522844640571568e-07
-1.304075235109718234e+00	-8.097808309033568884e-08
-1.354231974921629389e+00	-6.435064197532865731e-07
-1.404388714733541876e+00	-1.031515975462630998e-06
-1.454545454545454364e+00	-1.614542172398111462e-06
-1.504702194357367295e+00	-1.391381152423214883e-06
-1.554858934169278895e+00	-1.526492914814762727e-06
-1.605015673981190938e+00	-1.802793598339913886e-06
-1.655172413793103869e+00	-1.157466721294983689e-06
-1.705329153605014580e+00	-9.645402738122814263e-07
-1.755485893416927512e+00	-8.381923085245223182e-07
-1.805642633228839999e+00	-1.761783459027549685e-07
-1.855799373040752487e+00	-4.832180829371705267e-07
-1.905956112852664086e+00	-6.734285270076511619e-08
-1.956112852664576129e+00	2.759695793929996338e-07
-2.006269592476488839e+00	3.701174480307364321e-08
-2.056426332288402214e+00	-5.487659749470152244e-08
-2.106583072100312926e+00	-3.980891532490812460e-07
-2.156739811912224525e+00	-8.426855129264708827e-08
-2.206896551724137900e+00	3.307524549002136843e-10
-2.257053291536049500e+00	5.841642245208679630e-07
-2.307210031347963763e+00	-1.370779899038786698e-07
-2.357366771159874475e+00	1.705940628284747850e-07
-2.407523510971785186e+00	-2.943389131016975829e-07
-2.457680250783699449e+00	-1.631965318462036175e-07
-2.507836990595611049e+00	2.161139353736014850e-07
-2.557993730407522648e+00	3.980172352511789271e-07
-2.608150470219436912e+00	5.311439553974484824e-07
-2.658307210031347623e+00	5.479251146390232757e-07
-2.708463949843259222e+00	2.457678887238071482e-07
-2.758620689655172598e+00	1.644108733951354881e-08
-2.808777429467083309e+00	-2.228547090889655075e-07
-2.858934169278998461e+00	1.784100897398594295e-07
-2.909090909090909172e+00	2.115862666010200214e-07
-2.959247648902819883e+00	3.647042559392408544e-07
-3.009404388714735035e+00	1.203532748611465879e-07
-3.059561128526646634e+00	2.711568762081943433e-07
-3.109717868338557345e+00	2.032367452993285099e-07
-3.159874608150470721e+00	5.032448715315086607e-07
-3.210031347962382320e+00	3.484810326569422822e-07
-3.260188087774293031e+00	1.716148060505352590e-07
-3.310344827586207295e+00	-4.976866125738288728e-08
-3.360501567398118894e+00	2.896737385238360181e-07
-3.410658307210033158e+00	1.179780467054889184e-07
-3.460815047021943869e+00	2.961310603746071758e-07
-3.510971786833855468e+00	1.898675587504086709e-07
-3.561128526645768844e+00	2.118681359179818183e-07
-3.611285266457680443e+00	3.663059699805412659e-07
-3.661442006269591154e+00	8.904448662082318210e-07
-3.711598746081506306e+00	-2.513243892952301468e-08
-3.761755485893417017e+00	4.000588975339255965e-07
-3.811912225705327728e+00	3.354585998778594021e-07
-3.862068965517241992e+00	-2.600414133245886717e-07
-3.912225705329152703e+00	-1.276940099673237403e-08
-3.962382445141064302e+00	5.428173542403302560e-08
-4.012539184952978566e+00	8.392883106783728624e-08
-4.062695924764889277e+00	-1.821343518317182848e-07
-4.112852664576803541e+00	2.406636450976278259e-07
-4.163009404388716028e+00	6.685366964412907803e-08
-4.213166144200626739e+00	-4.125596171106220497e-07
-4.263322884012540115e+00	5.493427256392389233e-08
-4.313479623824450826e+00	-1.123276483079538284e-07
-4.363636363636362425e+00	3.127149286781712464e-08
-4.413793103448276689e+00	-3.737754189607147258e-07
-4.463949843260187400e+00	-2.610691900916763026e-07
-4.514106583072098999e+00	-9.558025008250928734e-08
-4.564263322884013263e+00	4.625893987271367058e-07
-4.614420062695923974e+00	6.100021280166109245e-07
-4.664576802507838238e+00	6.675096230287058757e-07
-4.714733542319749837e+00	6.239647699271937879e-07
-4.764890282131662325e+00	9.597344283338775713e-07
