# distance_x[ps] 	  Amplitude [V]
1.118495297805642608e+01	-5.020398845974629331e-06
1.113479623824451359e+01	-6.056440380146333084e-06
1.108463949843260110e+01	-5.631872567449539376e-06
1.103448275862069039e+01	-4.660595036694406183e-06
1.098432601880877613e+01	-3.586870933362667142e-06
1.093416927899686364e+01	-1.089968427249119242e-06
1.088401253918495115e+01	1.156716593717841391e-06
1.083385579937304044e+01	3.668030657753328238e-06
1.078369905956112795e+01	4.591310046373028868e-06
1.073354231974921724e+01	4.215787143150326317e-06
1.068338557993730475e+01	3.310537016337263451e-06
1.063322884012539049e+01	1.933991720439747810e-06
1.058307210031347800e+01	1.935413903244230794e-06
1.053291536050156552e+01	2.504425585874553536e-06
1.048275862068965480e+01	2.813287362748243839e-06
1.043260188087774054e+01	2.699815356664378107e-06
1.038244514106582983e+01	5.069438128612700584e-07
1.033228840125391912e+01	-3.527557927342111381e-06
1.028213166144200486e+01	-7.843612123303766973e-06
1.023197492163009237e+01	-1.068449489661140453e-05
1.018181818181818166e+01	-1.064735109700044794e-05
1.013166144200626917e+01	-7.339245401340432512e-06
1.008150470219435668e+01	-2.491512348882016779e-06
1.003134796238244419e+01	2.368869303437291792e-06
9.981191222570533483e+00	5.929253840452716642e-06
9.931034482758619220e+00	7.488094028847193327e-06
9.880877742946706732e+00	6.146107353085919001e-06
9.830721003134794245e+00	3.622630531312288079e-06
9.780564263322883534e+00	1.952336612579476590e-06
9.730407523510971046e+00	2.172473208192712450e-06
9.680250783699058559e+00	4.501793415458397475e-06
9.630094043887146071e+00	7.545260748602725684e-06
9.579937304075233584e+00	8.783908470762075014e-06
9.529780564263322873e+00	7.791902731134777075e-06
9.479623824451410385e+00	4.675147089678262016e-06
9.429467084639497898e+00	6.053606916532158022e-07
9.379310344827585411e+00	-3.771521887605088258e-06
9.329153605015672923e+00	-6.873381887403173454e-06
9.278996865203760436e+00	-7.279548715438647165e-06
9.228840125391847948e+00	-6.118290385858171109e-06
9.178683385579937237e+00	-4.334344402288799350e-06
9.128526645768022973e+00	-2.513189910494219119e-06
9.078369905956114039e+00	-2.084467734427157619e-06
9.028213166144201551e+00	-1.932234213376096837e-06
8.978056426332289064e+00	-2.716943445514415104e-06
8.927899686520376576e+00	-1.995169143408367242e-06
8.877742946708462313e+00	-1.130052952035915043e-06
8.827586206896551602e+00	-2.900985646434752492e-09
8.777429467084637338e+00	2.120141171450196520e-06
8.727272727272726627e+00	3.023851303579572583e-06
8.677115987460815916e+00	3.860235639354873888e-06
8.626959247648901652e+00	3.075873864340895306e-06
8.576802507836989165e+00	1.625195531373435342e-06
8.526645768025078453e+00	-7.642208671515757173e-07
8.476489028213165966e+00	-1.650894346516266976e-06
8.426332288401251702e+00	-2.996197514596453375e-06
8.376175548589342768e+00	-3.095982066218922484e-06
8.326018808777428504e+00	-2.733389456335447737e-06
8.275862068965517793e+00	-1.301284078205220823e-06
8.225705329153603529e+00	4.879052373432418508e-07
8.175548589341692818e+00	1.534080351512766045e-06
8.125391849529780330e+00	2.679465376676043365e-06
8.075235109717867843e+00	2.084946367166252975e-06
8.025078369905953579e+00	1.345183246137473925e-06
7.974921630094043756e+00	-1.351597487524954171e-06
7.924764890282132157e+00	-2.380028374300065540e-06
7.874608150470218781e+00	-3.213823134635007790e-06
7.824451410658307182e+00	-3.037412154230480805e-06
7.774294670846395583e+00	-1.165966584621629910e-06
7.724137931034482207e+00	6.631586720749307222e-07
7.673981191222570608e+00	3.065594162445137122e-06
7.623824451410658121e+00	4.429026116994093691e-06
7.573667711598746521e+00	3.509123885019163832e-06
7.523510971786833146e+00	1.483245228990646534e-06
7.473354231974921547e+00	-8.096591505743878637e-07
7.423197492163009947e+00	-2.611935255838931521e-06
7.373040752351096572e+00	-3.129596432935272862e-06
7.322884012539184972e+00	-2.575234921241933225e-06
7.272727272727272485e+00	-1.671501402575342268e-06
7.222570532915360886e+00	-2.450824697609145561e-07
7.172413793103448398e+00	7.686614958044464854e-07
7.122257053291536799e+00	1.075327751597922122e-06
7.072100313479624312e+00	-1.650822252679738724e-07
7.021943573667710936e+00	-6.578567858334893405e-07
6.971786833855799337e+00	-8.592229598328559722e-07
6.921630094043886849e+00	-1.805332356417452092e-06
6.871473354231974362e+00	-5.369415307246760540e-07
6.821316614420062763e+00	-2.349951353216479049e-07
6.771159874608151163e+00	-2.459498817013838789e-07
6.721003134796237788e+00	9.032378295808049793e-07
6.670846394984326189e+00	1.366861159426928131e-06
6.620689655172413701e+00	2.021110440016008690e-06
6.570532915360501214e+00	2.729006326913173426e-06
6.520376175548588726e+00	2.979825707675456696e-06
6.470219435736677127e+00	1.313429955435299256e-06
6.420062695924765528e+00	-7.531108552653660287e-07
6.369905956112852152e+00	-3.395782175356925271e-06
6.319749216300940553e+00	-5.490281679217634854e-06
6.269592476489028066e+00	-6.297371475793616527e-06
6.219435736677115578e+00	-5.024532987902943306e-06
6.169278996865203091e+00	-2.044468667212441393e-06
6.119122257053291492e+00	1.749152618867851306e-06
6.068965517241379892e+00	5.422380538880342815e-06
6.018808777429467405e+00	6.674199804973351936e-06
5.968652037617554917e+00	5.112441750424374942e-06
5.918495297805642430e+00	3.175910216875335022e-06
5.868338557993729943e+00	7.691897150359831700e-07
5.818181818181817455e+00	-6.233030891787676914e-07
5.768025078369905856e+00	-6.027521256412835091e-07
5.717868338557993368e+00	-6.781745873533246071e-07
5.667711598746081769e+00	-6.271191390332304460e-07
5.617554858934170170e+00	-1.175166109839848600e-06
5.567398119122256794e+00	-2.605459470932464288e-06
5.517241379310345195e+00	-3.113215834082992450e-06
5.467084639498432708e+00	-2.599487112011312652e-06
5.416927899686520220e+00	-1.290148042202410950e-06
5.366771159874607733e+00	1.185913190802658943e-06
5.316614420062696134e+00	3.508979873184733579e-06
5.266457680250783646e+00	3.890988759954192867e-06
5.216300940438871159e+00	2.516173188617471648e-06
5.166144200626959559e+00	2.945843838231439702e-07
5.115987460815047072e+00	-1.861275063499639258e-06
5.065830721003134585e+00	-3.582113267667699057e-06
5.015673981191222097e+00	-3.509472221336632441e-06
4.965517241379310498e+00	-2.563236748457424662e-06
4.915360501567397122e+00	-5.643948636745222452e-07
4.865203761755485523e+00	6.830799574938622446e-07
4.815047021943573036e+00	5.055397414352314945e-07
4.764890282131660548e+00	-3.755265958338413735e-07
4.714733542319748949e+00	-3.080933620794778105e-07
4.664576802507836462e+00	-4.175857883870004496e-07
4.614420062695924862e+00	9.426080978700969399e-07
4.564263322884012375e+00	2.760451196665909427e-06
4.514106583072099887e+00	5.179781438029878822e-06
4.463949843260187400e+00	6.090114180318161371e-06
4.413793103448274913e+00	4.942422855740493039e-06
4.363636363636363313e+00	1.835255342864945181e-06
4.313479623824451714e+00	-2.191668807603470897e-06
4.263322884012538339e+00	-6.272808226495412930e-06
4.213166144200627627e+00	-8.674648678956326138e-06
4.163009404388714252e+00	-8.037507617452581261e-06
4.112852664576801764e+00	-5.321990223192413527e-06
4.062695924764889277e+00	-2.005669698617976712e-06
4.012539184952977678e+00	1.533248283136057963e-06
3.962382445141066079e+00	6.161918762306880367e-06
3.912225705329152703e+00	7.597428200391606314e-06
3.862068965517240215e+00	7.694832072861022419e-06
3.811912225705329504e+00	5.120154208385235274e-06
3.761755485893417017e+00	2.260529850998339572e-06
3.711598746081503641e+00	-1.785543653322281798e-06
3.661442006269592930e+00	-4.672298855619529968e-06
3.611285266457679555e+00	-6.223407243804323545e-06
3.561128526645767955e+00	-6.697478377272352067e-06
3.510971786833854580e+00	-6.030724508656810616e-06
3.460815047021943869e+00	-3.720754111276603372e-06
3.410658307210031381e+00	-1.410876029174877244e-06
3.360501567398118006e+00	6.656341282472249400e-07
3.310344827586207295e+00	1.638706092177400197e-06
3.260188087774294807e+00	1.781246157310712889e-06
3.210031347962382320e+00	1.251214029543426000e-06
3.159874608150469832e+00	2.161744062769721230e-06
3.109717868338558233e+00	2.259367381843982428e-06
3.059561128526645746e+00	3.625055697637638294e-06
3.009404388714732814e+00	4.374167982555088309e-06
2.959247648902820327e+00	3.723625028518047854e-06
2.909090909090909172e+00	2.233251829158294292e-06
2.858934169278996684e+00	-3.964883184009092291e-07
2.808777429467083753e+00	-2.815741190769579952e-06
2.758620689655172598e+00	-4.257194326079471638e-06
2.708463949843260110e+00	-3.438213266603394101e-06
2.658307210031347623e+00	-8.957820960134344964e-07
2.608150470219434691e+00	1.959656071211946756e-06
2.557993730407523536e+00	2.526442691872939904e-06
2.507836990595611049e+00	2.047507862018658676e-06
2.457680250783698561e+00	-1.136276232675908890e-07
2.407523510971786962e+00	-3.376608204097125564e-06
2.357366771159874475e+00	-6.722468914430953537e-06
2.307210031347961987e+00	-7.019113247753914953e-06
2.257053291536049500e+00	-4.467738045468847412e-06
2.206896551724137900e+00	1.085231158834729743e-06
2.156739811912225413e+00	7.372125993471829388e-06
2.106583072100312926e+00	1.228763569252055784e-05
2.056426332288400438e+00	1.407543588292616476e-05
2.006269592476488839e+00	1.202074202379192544e-05
1.956112852664576351e+00	8.162876161595313012e-06
1.905956112852663864e+00	2.196358951266178530e-06
1.855799373040752709e+00	-4.104141045355500510e-06
1.805642633228839777e+00	-1.072288767798055281e-05
1.755485893416927290e+00	-1.390695223528307720e-05
1.705329153605014580e+00	-1.419618321214745510e-05
1.655172413793103647e+00	-1.052782953883875788e-05
1.605015673981190938e+00	-4.783679085412332126e-06
1.554858934169278228e+00	1.253825233134743583e-06
1.504702194357367073e+00	5.799672027000114342e-06
1.454545454545454586e+00	9.515920097655093774e-06
1.404388714733541876e+00	9.759757629946209137e-06
1.354231974921629167e+00	8.285782789139929495e-06
1.304075235109718012e+00	4.819305925199566006e-06
1.253918495297805302e+00	4.902359783266029305e-07
1.203761755485892815e+00	-3.513473429263933321e-06
1.153605015673980105e+00	-4.773893138377477303e-06
1.103448275862068950e+00	-4.079687343521094267e-06
1.053291536050156241e+00	-9.148085386662909007e-07
1.003134796238243753e+00	1.724673772109973380e-06
9.529780564263324871e-01	3.607436315667456974e-06
9.028213166144198887e-01	3.271590167458603284e-06
8.526645768025072902e-01	1.252206462746752285e-06
8.025078369905946918e-01	-1.632814619024060654e-06
7.523510971786835366e-01	-3.646761041752698878e-06
7.021943573667708272e-01	-4.676503332998116358e-06
6.520376175548581177e-01	-2.592288454514683461e-06
6.018808777429470735e-01	-1.546448840442952764e-06
5.517241379310343641e-01	-7.607529777759553211e-07
5.015673981191217656e-01	-2.811287198381157226e-06
4.514106583072091672e-01	-6.495637263145030120e-06
4.012539184952980120e-01	-1.144346100227322105e-05
3.510971786833853026e-01	-1.566195395019548013e-05
3.009404388714727041e-01	-1.807701729146874638e-05
2.507836990595601057e-01	-1.549030028380866830e-05
2.006269592476487285e-01	-4.807298608806520784e-06
1.504702194357361300e-01	2.365049912648940757e-06
1.003134796238236426e-01	1.455054587099470003e-05
5.015673981191248743e-02	2.415186146969441438e-05
0.000000000000000000e+00	2.878969683387419103e-05
-5.015673981191293151e-02	2.838104118593087104e-05
-1.003134796238254189e-01	2.372367489808116669e-05
-1.504702194357365741e-01	1.621364271477851541e-05
-2.006269592476490615e-01	8.925472279845624601e-06
-2.507836990595619930e-01	1.179644192119988682e-06
-3.009404388714729262e-01	-4.488975658839603759e-06
-3.510971786833858577e-01	-8.425649931324311366e-06
-4.012539184952983451e-01	-1.001264698300997247e-05
-4.514106583072108325e-01	-9.726166298089822422e-06
-5.015673981191219877e-01	-8.617201672431462893e-06
-5.517241379310346971e-01	-6.726595143621112278e-06
-6.018808777429474066e-01	-5.202534956192603346e-06
-6.520376175548601161e-01	-3.737847208240131047e-06
-7.021943573667712712e-01	-2.640601875305955388e-06
-7.523510971786835366e-01	-2.408359317830670611e-06
-8.025078369905962461e-01	-6.626195508486021774e-07
-8.526645768025076233e-01	-7.131634846065991515e-07
-9.028213166144201107e-01	-3.040168952203860133e-07
-9.529780564263330422e-01	-1.575088556600247894e-07
-1.003134796238245530e+00	1.009595053192489576e-08
-1.053291536050156685e+00	5.209048722242217480e-07
-1.103448275862069616e+00	-1.558862168222686484e-08
-1.153605015673982104e+00	1.097709546905965127e-07
-1.203761755485893259e+00	-6.004976986214665625e-08
-1.253918495297805746e+00	-2.899689715763492965e-07
-1.304075235109718234e+00	-7.569589077497020611e-08
-1.354231974921631165e+00	-1.366507020434812732e-07
-1.404388714733542320e+00	-2.833264916527392722e-07
-1.454545454545454808e+00	-2.009904068562927566e-07
-1.504702194357367295e+00	-4.435691104261790109e-07
-1.554858934169280227e+00	-7.241790711508198099e-07
-1.605015673981191826e+00	-3.169719818058342688e-07
-1.655172413793103869e+00	-3.440957931711600566e-07
-1.705329153605016801e+00	-8.863849281799537471e-09
-1.755485893416927512e+00	-5.179555309557255634e-08
-1.805642633228840443e+00	-7.937707240353800625e-07
-1.855799373040752931e+00	-2.395330027345186084e-07
-1.905956112852665418e+00	-6.966954939573569183e-08
-1.956112852664577018e+00	-3.830002649410310851e-07
-2.006269592476488839e+00	-2.068461847686196701e-07
-2.056426332288402214e+00	-1.497937601197793004e-07
-2.106583072100314702e+00	2.067790144136107139e-07
-2.156739811912226301e+00	-2.394387532311552465e-07
-2.206896551724137012e+00	9.917597413899758961e-08
-2.257053291536051276e+00	-1.972290428144158448e-07
-2.307210031347961987e+00	1.403324111879260624e-07
-2.357366771159876251e+00	2.155637363138551735e-07
-2.407523510971787850e+00	4.278628527033737278e-08
-2.457680250783698561e+00	2.135328001872748813e-07
-2.507836990595611937e+00	4.955162364170859954e-07
-2.557993730407523536e+00	1.638910944176314923e-07
-2.608150470219435135e+00	1.856785551708829728e-07
-2.658307210031349399e+00	-2.458755019627220975e-07
-2.708463949843260110e+00	2.899640480948303185e-07
-2.758620689655171709e+00	4.897369483069289495e-08
-2.808777429467085973e+00	-4.852706472147091621e-08
-2.858934169278995796e+00	1.106884806393840105e-07
-2.909090909090910948e+00	-5.919818339798837682e-08
-2.959247648902821659e+00	1.930284338855954014e-07
-3.009404388714732370e+00	1.300521817762907145e-07
-3.059561128526647522e+00	-4.271289022797938566e-07
-3.109717868338559121e+00	-1.264167181903991851e-07
-3.159874608150469832e+00	2.079661009755625436e-08
-3.210031347962383208e+00	1.060588254639094077e-07
-3.260188087774294807e+00	-2.307043211778546302e-07
-3.310344827586205518e+00	-1.717669064617466525e-07
-3.360501567398119782e+00	-1.505947050597423403e-07
-3.410658307210031381e+00	1.999091751469990804e-08
-3.460815047021945645e+00	-7.165336077063426338e-08
-3.510971786833856356e+00	2.574641465880270889e-07
-3.561128526645767955e+00	3.702486236454922087e-07
-3.611285266457681331e+00	-1.017150838937871323e-07
-3.661442006269592930e+00	2.717341544162950340e-07
-3.711598746081503641e+00	5.371096324508242055e-08
-3.761755485893418793e+00	1.450070810515742467e-07
-3.811912225705329504e+00	-2.039242743257293073e-07
-3.862068965517240215e+00	2.146785646721923961e-07
-3.912225705329154479e+00	-7.744618845496848563e-08
-3.962382445141065190e+00	2.431204623756000358e-07
-4.012539184952976790e+00	3.842714023660569244e-07
-4.062695924764891053e+00	4.277169066440609378e-08
-4.112852664576801764e+00	-4.914865426324246880e-09
-4.163009404388716028e+00	-7.944213269503880746e-09
-4.213166144200628516e+00	-1.844793357437593730e-07
-4.263322884012539227e+00	-1.942118278364079778e-07
-4.313479623824452602e+00	-7.269731469128421474e-08
-4.363636363636363313e+00	2.178109539500193214e-07
-4.413793103448274913e+00	-1.738833001604063605e-08
-4.463949843260189176e+00	-7.453781758625527270e-08
-4.514106583072099887e+00	6.063425745390015893e-08
-4.564263322884011487e+00	-3.723963166195225741e-08
-4.614420062695925751e+00	-9.470140863137092729e-08
-4.664576802507836462e+00	4.373862726700911301e-08
-4.714733542319750725e+00	5.643547724678676417e-07
-4.764890282131662325e+00	-9.958796403896102069e-08
-4.815047021943574812e+00	1.638444971818268429e-07
