# distance_x[ps] 	  Amplitude [V]
1.230000000000000426e+01	1.709467951115847319e-07
1.220000000000000284e+01	-3.907885445172837843e-06
1.210000000000000142e+01	-6.245826316901009852e-06
1.200000000000000000e+01	-5.661857624931895876e-06
1.190000000000000213e+01	-2.972971342207904842e-06
1.180000000000000426e+01	5.654748645134362299e-07
1.170000000000000284e+01	5.149817832859853330e-06
1.160000000000000142e+01	8.287881950653273151e-06
1.150000000000000355e+01	7.087634922601223946e-06
1.140000000000000213e+01	1.942571766179703238e-06
1.130000000000000071e+01	-3.157211713259368324e-06
1.120000000000000284e+01	-5.108977377821268018e-06
1.110000000000000497e+01	-3.538975129307380853e-06
1.100000000000000000e+01	-4.329103004534589887e-07
1.090000000000000213e+01	3.546653826252110324e-06
1.080000000000000071e+01	5.300868487475978382e-06
1.070000000000000284e+01	5.504020302719105037e-06
1.060000000000000497e+01	4.950876825185836914e-06
1.050000000000000000e+01	4.522293385794435512e-06
1.040000000000000213e+01	1.897486742555878097e-06
1.030000000000000426e+01	-2.540303523219255561e-06
1.020000000000000284e+01	-4.204619104517643220e-06
1.010000000000000142e+01	-1.592246362178024745e-06
1.000000000000000000e+01	8.719197394771833110e-07
9.900000000000003908e+00	-1.059902483998950982e-08
9.800000000000000711e+00	-2.221860651309625215e-06
9.700000000000001066e+00	-1.120388685330029484e-06
9.600000000000001421e+00	1.634541881844095190e-06
9.500000000000000000e+00	1.581868014813261173e-06
9.400000000000002132e+00	-1.510532746116478435e-06
9.300000000000000711e+00	-5.506024335535956036e-06
9.200000000000002842e+00	-5.572639743842291764e-06
9.100000000000001421e+00	-3.222315612739375836e-06
9.000000000000001776e+00	-1.295361481615136342e-06
8.900000000000002132e+00	-4.417147162797794399e-07
8.800000000000000711e+00	1.017930331565501688e-06
8.700000000000002842e+00	3.229698197438463951e-06
8.600000000000001421e+00	2.587254546338775337e-06
8.500000000000003553e+00	-6.816604122687641262e-07
8.400000000000002132e+00	-3.288012791742421022e-06
8.300000000000002487e+00	-3.622740957969214357e-06
8.200000000000002842e+00	-3.285885847726220605e-07
8.100000000000001421e+00	1.710825249467455247e-06
8.000000000000001776e+00	-1.009544059991043245e-07
7.900000000000002132e+00	-4.979385893244253060e-07
7.800000000000001599e+00	8.072454137597067778e-07
7.700000000000002842e+00	3.965147996979362777e-06
7.600000000000002309e+00	4.109347451223198322e-06
7.500000000000001776e+00	3.338465113576440295e-07
7.400000000000001243e+00	-3.134112672197184614e-06
7.300000000000001599e+00	-3.562891995817591869e-06
7.200000000000001954e+00	-1.554747544381823189e-06
7.100000000000002309e+00	1.104664667906030521e-06
7.000000000000001776e+00	2.008482413274321322e-06
6.900000000000001243e+00	1.008338862050646736e-06
6.800000000000001599e+00	7.531690578504654764e-07
6.700000000000001954e+00	7.839824910983914990e-07
6.600000000000002309e+00	1.880789985854628762e-06
6.500000000000001776e+00	1.362010650937601873e-06
6.400000000000001243e+00	-1.425083790129655317e-06
6.300000000000001599e+00	-2.677540822917998900e-06
6.200000000000001954e+00	-1.613716082534676421e-06
6.100000000000001421e+00	1.620531411827327893e-06
6.000000000000001776e+00	2.713221996840566995e-06
5.900000000000001243e+00	2.007666873728427016e-06
5.800000000000000711e+00	2.157974258473811471e-07
5.700000000000001954e+00	-1.593743452237046992e-06
5.600000000000001421e+00	-2.501588605487865531e-06
5.500000000000001776e+00	-2.055305074197096120e-06
5.400000000000002132e+00	-5.270868307871813665e-07
5.300000000000000711e+00	1.311829999780255739e-07
5.200000000000001066e+00	-1.615697608007441026e-06
5.100000000000001421e+00	-2.300154030263110371e-06
5.000000000000001776e+00	-1.613470787651855490e-06
4.900000000000000355e+00	7.802258746994078175e-08
4.800000000000000711e+00	-2.176755582082472930e-07
4.700000000000001954e+00	-3.291206724539235014e-07
4.600000000000001421e+00	8.131734613471872409e-07
4.500000000000000888e+00	3.238761623560408469e-06
4.400000000000001243e+00	2.326635854806085816e-06
4.300000000000001599e+00	-1.773488684661678923e-06
4.200000000000001066e+00	-5.360695645638016937e-06
4.100000000000000533e+00	-3.201736866699034151e-06
4.000000000000001776e+00	2.473109781673065398e-06
3.900000000000001688e+00	6.903320347649726627e-06
3.800000000000000711e+00	4.759495295868341227e-06
3.700000000000001066e+00	-8.377993091961321524e-07
3.600000000000001421e+00	-5.548923157526726985e-06
3.500000000000001776e+00	-6.114747237550758843e-06
3.400000000000000355e+00	-3.651246509255117348e-06
3.300000000000000711e+00	-1.004390229872405812e-09
3.200000000000001066e+00	4.638974974312800829e-06
3.100000000000001421e+00	8.122240558555644173e-06
3.000000000000000444e+00	7.771876470056314623e-06
2.900000000000000799e+00	2.335828346479277349e-06
2.800000000000001155e+00	-4.384998235187844803e-06
2.700000000000000178e+00	-5.125290982157164826e-06
2.600000000000000533e+00	-7.723208734434302316e-07
2.500000000000000888e+00	2.212049207674047267e-06
2.400000000000001243e+00	1.125463739744346222e-06
2.300000000000000266e+00	-1.141616275899122153e-06
2.200000000000000622e+00	1.717444870369727118e-06
2.100000000000000977e+00	6.219910165216840300e-06
2.000000000000001332e+00	5.811296191027805555e-06
1.900000000000000133e+00	-2.293522276495666380e-06
1.800000000000000488e+00	-1.235551045706399910e-05
1.700000000000000844e+00	-1.491942049161914524e-05
1.600000000000001421e+00	-9.051709994315084953e-06
1.500000000000000222e+00	-2.668370662750268145e-06
1.400000000000000799e+00	-1.805566573466855441e-06
1.300000000000000933e+00	-6.453200369223915135e-06
1.200000000000001066e+00	-9.067122074017130610e-06
1.100000000000000089e+00	-4.890951724909295856e-06
1.000000000000000444e+00	2.478141052269588444e-06
9.000000000000010214e-01	5.739697340231131956e-06
7.999999999999998224e-01	3.713782285607098507e-06
7.000000000000001776e-01	1.280627787330955644e-06
6.000000000000005329e-01	1.521642933841313739e-06
5.000000000000008882e-01	1.325675709004762808e-06
3.999999999999999112e-01	-1.649721502882995135e-06
3.000000000000002665e-01	-2.107620933786049505e-06
2.000000000000006217e-01	6.621190437844724951e-06
1.000000000000005329e-01	2.257477732053134477e-05
0.000000000000000000e+00	3.117521014242503251e-05
-9.999999999999964473e-02	2.580537493254014825e-05
-1.999999999999992895e-01	1.057071007361245806e-05
-2.999999999999989342e-01	-5.158935065601254793e-06
-3.999999999999999112e-01	-1.248518440995645690e-05
-4.999999999999995559e-01	-1.093139764782533673e-05
-5.999999999999992006e-01	-6.252759106395614547e-06
-7.000000000000001776e-01	-2.714919718771487981e-06
-8.000000000000002665e-01	-3.951742763512179341e-07
-8.999999999999994671e-01	-4.632612781158521480e-07
-9.999999999999991118e-01	-2.084798486882057913e-06
-1.100000000000000533e+00	-4.268413357913601834e-06
-1.200000000000000178e+00	-4.792842387873660915e-06
-1.299999999999999822e+00	-4.538423414605124626e-06
-1.399999999999999467e+00	-3.815981980753254367e-06
-1.499999999999999556e+00	-2.715944506281939145e-06
-1.599999999999998757e+00	-2.187387488745464321e-06
-1.700000000000001066e+00	-1.587452122048915741e-06
-1.800000000000000711e+00	-1.476235773855246422e-06
-1.900000000000000355e+00	-8.265074801709714544e-07
-2.000000000000000000e+00	-6.547196489127691321e-07
-2.100000000000000533e+00	-9.004694262581314360e-07
-2.199999999999999289e+00	-1.919923927031009618e-07
-2.299999999999998934e+00	-7.214482972940411958e-07
-2.400000000000002132e+00	9.995617012113062799e-08
-2.500000000000000888e+00	-2.921235222567811240e-07
-2.600000000000000533e+00	6.414009280494188576e-07
-2.699999999999999289e+00	3.703259926407904576e-07
