# distance_x[ps] 	  Amplitude [V]
1.230000000000000426e+01	1.952131760580561811e-06
1.220000000000000284e+01	-4.844422538652778606e-06
1.210000000000000142e+01	-9.128019561893671233e-06
1.200000000000000000e+01	-9.313101672446253337e-06
1.190000000000000213e+01	-6.041985390083850829e-06
1.180000000000000426e+01	-1.145532377931595669e-07
1.170000000000000284e+01	6.961573046757444210e-06
1.160000000000000142e+01	1.275718742163141353e-05
1.150000000000000355e+01	1.277245619285353351e-05
1.140000000000000213e+01	4.703182096801850924e-06
1.130000000000000071e+01	-4.275984089942165336e-06
1.120000000000000284e+01	-8.571939403472955178e-06
1.110000000000000497e+01	-7.079557247814831692e-06
1.100000000000000000e+01	-2.341876491848095901e-06
1.090000000000000213e+01	3.570485938544745074e-06
1.080000000000000071e+01	8.860511513006918418e-06
1.070000000000000284e+01	9.084570189165901973e-06
1.060000000000000497e+01	7.783696166635762151e-06
1.050000000000000000e+01	7.096987427423783509e-06
1.040000000000000213e+01	3.753467305036354255e-06
1.030000000000000426e+01	-3.444712086369824573e-06
1.020000000000000284e+01	-6.280227385628642600e-06
1.010000000000000142e+01	-3.640389177474006766e-06
1.000000000000000000e+01	1.270688860691761219e-06
9.900000000000003908e+00	5.038914301581265394e-07
9.800000000000000711e+00	-3.147117345275074410e-06
9.700000000000001066e+00	-2.351003044036658368e-06
9.600000000000001421e+00	2.944371013902761696e-06
9.500000000000000000e+00	3.744407571525549354e-06
9.400000000000002132e+00	-1.557672268242724616e-06
9.300000000000000711e+00	-8.164798429451224901e-06
9.200000000000002842e+00	-9.429675999402955148e-06
9.100000000000001421e+00	-6.143272131085486727e-06
9.000000000000001776e+00	-2.930756004955143604e-06
8.900000000000002132e+00	-1.390592867864300704e-06
8.800000000000000711e+00	1.647292468107879898e-06
8.700000000000002842e+00	5.070831649721197459e-06
8.600000000000001421e+00	4.665994161695847923e-06
8.500000000000003553e+00	9.874042186319355630e-09
8.400000000000002132e+00	-5.061978702434189954e-06
8.300000000000002487e+00	-5.715904439952023838e-06
8.200000000000002842e+00	-1.699114572835929921e-06
8.100000000000001421e+00	2.164632036357855911e-06
8.000000000000001776e+00	9.637590227983941926e-07
7.900000000000002132e+00	-7.648507211087540984e-07
7.800000000000001599e+00	6.788297620726006048e-07
7.700000000000002842e+00	6.073919794570474999e-06
7.600000000000002309e+00	7.383260095249756009e-06
7.500000000000001776e+00	2.230066160776886870e-06
7.400000000000001243e+00	-4.191609332119608884e-06
7.300000000000001599e+00	-5.319483643583374161e-06
7.200000000000001954e+00	-2.926032451953556764e-06
7.100000000000002309e+00	9.314657316767625840e-07
7.000000000000001776e+00	2.022915423508592759e-06
6.900000000000001243e+00	1.887288805621060082e-06
6.800000000000001599e+00	1.008223336073576342e-06
6.700000000000001954e+00	1.098099029461841635e-06
6.600000000000002309e+00	2.924705573684191204e-06
6.500000000000001776e+00	2.649986734435638771e-06
6.400000000000001243e+00	-1.498240219472584670e-06
6.300000000000001599e+00	-4.995583444087204321e-06
6.200000000000001954e+00	-3.535685716136822657e-06
6.100000000000001421e+00	1.174197239012363037e-06
6.000000000000001776e+00	5.105418052360294901e-06
5.900000000000001243e+00	3.732920561625886006e-06
5.800000000000000711e+00	7.708974597685673041e-07
5.700000000000001954e+00	-2.112059276536786532e-06
5.600000000000001421e+00	-4.114723893041928054e-06
5.500000000000001776e+00	-3.371816601547401003e-06
5.400000000000002132e+00	-1.641484342463111697e-06
5.300000000000000711e+00	-2.251135320744244007e-07
5.200000000000001066e+00	-1.854193162850459981e-06
5.100000000000001421e+00	-3.575660693459821527e-06
5.000000000000001776e+00	-2.864578083149495254e-06
4.900000000000000355e+00	-4.801802948399582735e-07
4.800000000000000711e+00	-4.736725073036176041e-07
4.700000000000001954e+00	-7.094114400118831643e-07
4.600000000000001421e+00	8.220571803936884515e-07
4.500000000000000888e+00	4.859612182493341169e-06
4.400000000000001243e+00	5.109358771800364180e-06
4.300000000000001599e+00	-2.436385884700227016e-06
4.200000000000001066e+00	-8.434190765050741432e-06
4.100000000000000533e+00	-6.681319335088426248e-06
4.000000000000001776e+00	2.333251255581341646e-06
3.900000000000001688e+00	1.087074686154062598e-05
3.800000000000000711e+00	9.096193122323213031e-06
3.700000000000001066e+00	-5.129089623987687103e-08
3.600000000000001421e+00	-8.108639089182202278e-06
3.500000000000001776e+00	-9.808412353509920822e-06
3.400000000000000355e+00	-6.295259478060598713e-06
3.300000000000000711e+00	-4.097806634704077711e-07
3.200000000000001066e+00	5.995842697126574281e-06
3.100000000000001421e+00	1.206417680191376354e-05
3.000000000000000444e+00	1.344372190476534464e-05
2.900000000000000799e+00	5.314861197791552595e-06
2.800000000000001155e+00	-6.038752948628014466e-06
2.700000000000000178e+00	-8.624538890765126990e-06
2.600000000000000533e+00	-2.483491821648968163e-06
2.500000000000000888e+00	3.462915252577256524e-06
2.400000000000001243e+00	2.233670852603284853e-06
2.300000000000000266e+00	-2.057482659737491770e-06
2.200000000000000622e+00	1.341532132913897173e-06
2.100000000000000977e+00	9.872308417470148018e-06
2.000000000000001332e+00	1.054126782996756771e-05
1.900000000000000133e+00	4.937900286288055216e-08
1.800000000000000488e+00	-1.835595414767006309e-05
1.700000000000000844e+00	-2.495179375501217019e-05
1.600000000000001421e+00	-1.578818849956967771e-05
1.500000000000000222e+00	-3.708784248510828629e-06
1.400000000000000799e+00	-1.834304583415904039e-07
1.300000000000000933e+00	-6.769378087957562025e-06
1.200000000000001066e+00	-1.422318727740869504e-05
1.100000000000000089e+00	-9.715065429812148122e-06
1.000000000000000444e+00	1.428007458958802628e-06
9.000000000000010214e-01	7.454580593501983031e-06
7.999999999999998224e-01	4.933464756955329412e-06
7.000000000000001776e-01	1.080713161186560567e-06
6.000000000000005329e-01	1.568852615579205450e-06
5.000000000000008882e-01	1.753733918421264471e-06
3.999999999999999112e-01	-3.160098280138496811e-06
3.000000000000002665e-01	-5.709586558131414710e-06
2.000000000000006217e-01	5.853636725382049423e-06
1.000000000000005329e-01	3.346807179320402341e-05
0.000000000000000000e+00	5.166326881828191443e-05
-9.999999999999964473e-02	4.705784367790983560e-05
-1.999999999999992895e-01	2.416285982405331595e-05
-2.999999999999989342e-01	-2.658074256185070146e-06
-3.999999999999999112e-01	-1.876125778389208421e-05
-4.999999999999995559e-01	-1.794440085501419364e-05
-5.999999999999992006e-01	-1.157442139055113678e-05
-7.000000000000001776e-01	-4.462139519465887511e-06
-8.000000000000002665e-01	-8.077011874774638738e-07
-8.999999999999994671e-01	-5.926727039401723036e-07
-9.999999999999991118e-01	-3.102412836437216083e-06
-1.100000000000000533e+00	-6.117895276466271864e-06
-1.200000000000000178e+00	-7.870078649886309220e-06
-1.299999999999999822e+00	-7.282316767084070643e-06
-1.399999999999999467e+00	-5.692831950522316947e-06
-1.499999999999999556e+00	-4.413188331979280699e-06
-1.599999999999998757e+00	-3.453948361860810010e-06
-1.700000000000001066e+00	-2.771388183344451734e-06
-1.800000000000000711e+00	-2.128517244384365247e-06
-1.900000000000000355e+00	-1.810673630511045403e-06
-2.000000000000000000e+00	-1.433218612469393961e-06
-2.100000000000000533e+00	-1.376262019871548021e-06
-2.199999999999999289e+00	-1.293532408230834494e-06
-2.299999999999998934e+00	-1.350172667141085685e-06
-2.400000000000002132e+00	-5.449625854736011986e-07
-2.500000000000000888e+00	-4.967792852653303766e-09
-2.600000000000000533e+00	5.080544096210518153e-07
-2.699999999999999289e+00	1.072669071577671653e-06
