# distance_x[ps] 	  Amplitude [V]
-2.600000000000000533e+00	-1.143573377386780479e-05
-2.550000000000000711e+00	-1.122379143404978527e-05
-2.500000000000000000e+00	-1.143322631506563650e-05
-2.449999999999999289e+00	-1.048294549876408271e-05
-2.400000000000000355e+00	-1.063622965560356986e-05
-2.350000000000000533e+00	-1.009993661773039293e-05
-2.299999999999999822e+00	-9.815351473195051059e-06
-2.250000000000000000e+00	-9.226751895180082590e-06
-2.200000000000000178e+00	-7.742265948846652744e-06
-2.150000000000000355e+00	-6.943284247139305798e-06
-2.099999999999999645e+00	-5.943631109842647247e-06
-2.049999999999999822e+00	-4.774139839969302945e-06
-2.000000000000000888e+00	-4.362756231587215032e-06
-1.950000000000000178e+00	-3.723210928554576217e-06
-1.900000000000000355e+00	-2.949445364962575760e-06
-1.849999999999999645e+00	-3.243892594657690595e-06
-1.800000000000000711e+00	-3.259891096176373232e-06
-1.750000000000000888e+00	-4.186046677196287229e-06
-1.699999999999999289e+00	-5.894779271179549555e-06
-1.650000000000000355e+00	-7.636829943794893171e-06
-1.600000000000000533e+00	-9.023102632464912956e-06
-1.550000000000000266e+00	-1.227170576806589019e-05
-1.500000000000000000e+00	-1.445762307006206243e-05
-1.449999999999999289e+00	-1.737148871998908279e-05
-1.400000000000000799e+00	-2.046137586776476159e-05
-1.350000000000000533e+00	-2.375409462864619690e-05
-1.299999999999999378e+00	-2.738500223574639455e-05
-1.250000000000000000e+00	-3.085676902890165959e-05
-1.200000000000000178e+00	-3.401757207025187023e-05
-1.149999999999999467e+00	-3.544168294526564914e-05
-1.099999999999999645e+00	-3.532195600758916915e-05
-1.050000000000000266e+00	-3.244774495700915529e-05
-1.000000000000000000e+00	-2.897573462735733839e-05
-9.500000000000006217e-01	-2.280639565088547212e-05
-8.999999999999994671e-01	-1.826129933627449722e-05
-8.500000000000000888e-01	-1.574583512899575884e-05
-7.999999999999998224e-01	-1.731969562863427286e-05
-7.500000000000000000e-01	-2.438706040198322195e-05
-7.000000000000001776e-01	-3.481822230467827796e-05
-6.499999999999999112e-01	-4.565416138275007286e-05
-6.000000000000000888e-01	-6.361034676661857571e-05
-5.500000000000002665e-01	-7.390671148222341760e-05
-5.000000000000000000e-01	-8.363582712158173734e-05
-4.500000000000001776e-01	-8.589307670301806808e-05
-3.999999999999999112e-01	-7.846008311423606539e-05
-3.500000000000000888e-01	-5.852882518348791874e-05
-3.000000000000002665e-01	-2.360283982538566208e-05
-2.500000000000000000e-01	2.777238580594832996e-05
-2.000000000000001776e-01	9.019666077532389060e-05
-1.499999999999999112e-01	1.449911449727676990e-04
-1.000000000000000888e-01	2.007850276931781911e-04
-5.000000000000026645e-02	2.344311971108842068e-04
0.000000000000000000e+00	2.420261635705163472e-04
4.999999999999982236e-02	2.335419548050369880e-04
1.000000000000000888e-01	2.008610583806964226e-04
1.499999999999999112e-01	1.481469097099763629e-04
1.999999999999997335e-01	8.364784340574469234e-05
2.500000000000000000e-01	2.264040662582487615e-05
2.999999999999998224e-01	-2.393813718124377149e-05
3.500000000000000888e-01	-4.813731981436475947e-05
3.999999999999999112e-01	-5.241120017098931176e-05
4.499999999999999556e-01	-4.521363076377561127e-05
4.999999999999997780e-01	-3.194494724310274688e-05
5.499999999999998224e-01	-1.948476585484731861e-05
6.000000000000000888e-01	-9.407646233023519389e-06
6.500000000000003553e-01	-4.706335410876133255e-06
7.000000000000001776e-01	-4.028375346646135767e-06
7.500000000000000000e-01	-4.002472207020266836e-06
8.000000000000002665e-01	-2.781018161518330222e-06
8.500000000000000888e-01	1.182025750466170822e-06
9.000000000000001332e-01	6.341606847178166118e-06
9.499999999999999556e-01	9.450096490680187921e-06
1.000000000000000444e+00	9.428162028835867893e-06
1.050000000000000044e+00	5.905583499695704806e-06
1.100000000000000089e+00	1.202468924926114228e-07
1.149999999999999911e+00	-6.191996838422221291e-06
1.200000000000000178e+00	-1.034517593554541226e-05
1.250000000000000222e+00	-9.930490605288970111e-06
1.299999999999999822e+00	-3.172539566259714985e-06
1.349999999999999867e+00	7.330699468293859598e-06
1.400000000000000355e+00	1.630869755904749860e-05
1.450000000000000178e+00	1.663801534660080657e-05
1.500000000000000000e+00	7.809761429474504379e-06
1.549999999999999822e+00	-9.999273928011287983e-06
1.600000000000000311e+00	-3.335595849218076810e-05
1.650000000000000355e+00	-6.103378901139567116e-05
1.700000000000000178e+00	-8.322144827804984785e-05
1.749999999999999778e+00	-9.750575899596908400e-05
1.800000000000000266e+00	-9.573696977441728388e-05
1.850000000000000089e+00	-7.731746596487957450e-05
1.899999999999999911e+00	-4.476416472919869297e-05
1.949999999999999956e+00	-9.992801308200083098e-06
2.000000000000000444e+00	1.919707329011899528e-05
2.050000000000000266e+00	2.878597239594371000e-05
2.100000000000000089e+00	4.552386162018882287e-05
2.149999999999999911e+00	3.989676025800843582e-05
2.200000000000000178e+00	2.667003148174508129e-05
2.250000000000000000e+00	1.018122663854267992e-05
2.299999999999999822e+00	-3.275278030954946994e-06
2.350000000000000533e+00	-1.001476408006313398e-05
2.400000000000000355e+00	-9.333143407323775027e-06
2.450000000000000178e+00	-3.655830622226541629e-06
2.500000000000000000e+00	2.339744096834499925e-06
2.550000000000000711e+00	3.959841011417777384e-06
2.600000000000000533e+00	-5.514160388746074412e-07
2.650000000000000355e+00	-9.377938121376605391e-06
2.700000000000000178e+00	-1.931530278605920263e-05
2.750000000000000444e+00	-2.811966023395587197e-05
2.800000000000000266e+00	-3.088384852893331055e-05
2.850000000000000089e+00	-2.439484530545786038e-05
2.899999999999999911e+00	-9.088238182897543521e-06
2.950000000000000622e+00	1.085873796259994683e-05
3.000000000000000444e+00	3.018900338483396294e-05
3.050000000000000266e+00	4.246360398419439443e-05
3.100000000000000089e+00	4.661527526510239892e-05
3.150000000000000355e+00	4.457272200803946873e-05
3.200000000000000178e+00	3.475901796692839105e-05
3.250000000000000000e+00	2.115771968447076115e-05
3.299999999999999822e+00	6.130810447683692085e-06
3.350000000000000533e+00	-9.602887596013271628e-06
3.400000000000000355e+00	-2.240269970721802515e-05
3.450000000000000178e+00	-3.321960882586445356e-05
3.500000000000000000e+00	-3.997878739433956513e-05
3.550000000000000711e+00	-3.992300786550201575e-05
3.600000000000000533e+00	-3.618817189372661516e-05
3.650000000000000355e+00	-2.660807456614883184e-05
3.700000000000000178e+00	-1.258680682689451117e-05
3.750000000000000888e+00	4.043446826930244128e-06
3.800000000000000266e+00	2.166781487718142933e-05
3.850000000000000533e+00	3.618562627794266631e-05
3.900000000000000355e+00	4.460531158724536201e-05
3.950000000000000622e+00	4.300574682146662630e-05
4.000000000000000000e+00	3.168925326395942020e-05
4.049999999999999822e+00	1.210785511653216366e-05
4.099999999999999645e+00	-9.098398314527841733e-06
4.149999999999999467e+00	-2.453611634322965700e-05
4.200000000000001066e+00	-3.239675896494620801e-05
4.250000000000000888e+00	-3.047443114806355701e-05
4.300000000000000711e+00	-2.006131486016732353e-05
4.350000000000000533e+00	-5.296998279324806287e-06
4.400000000000000355e+00	1.184108822745264570e-05
4.449999999999999289e+00	2.557944445421082814e-05
4.500000000000000000e+00	3.339737499455707950e-05
4.549999999999999822e+00	3.286206594963319698e-05
4.600000000000001421e+00	2.659111106225243269e-05
4.650000000000000355e+00	1.737346743204383755e-05
4.700000000000001066e+00	7.461279869301686627e-06
4.750000000000000000e+00	4.050820795536673700e-07
4.800000000000000711e+00	-3.684201656963800986e-06
4.849999999999999645e+00	-6.151895960643236906e-06
4.900000000000000355e+00	-7.958527061149946776e-06
4.949999999999999289e+00	-9.090576309103181506e-06
5.000000000000000888e+00	-1.006837657367783861e-05
5.050000000000000711e+00	-1.162899431473929658e-05
5.100000000000001421e+00	-1.221530799062045009e-05
5.150000000000000355e+00	-1.110400348037019472e-05
5.200000000000000178e+00	-9.277992677411639751e-06
5.250000000000000000e+00	-7.794094559603852230e-06
5.300000000000000711e+00	-6.337101685749671525e-06
5.349999999999999645e+00	-5.421325682964900831e-06
5.400000000000000355e+00	-6.429446505119707188e-06
5.450000000000001066e+00	-8.676505886520736614e-06
5.500000000000000888e+00	-1.218977129869049239e-05
5.550000000000000711e+00	-1.640369384905412815e-05
5.600000000000000533e+00	-1.900600668778008772e-05
5.650000000000000355e+00	-1.804332028059832754e-05
5.699999999999999289e+00	-1.401190081566445641e-05
5.750000000000001776e+00	-8.168053729928401429e-06
5.800000000000000711e+00	-4.028712605130186054e-07
5.850000000000001421e+00	7.340482601910702880e-06
5.900000000000000355e+00	1.508041710641949018e-05
5.950000000000000178e+00	2.037252074175992825e-05
6.000000000000000000e+00	2.303027004816474298e-05
6.049999999999999822e+00	2.236235458958797120e-05
6.099999999999999645e+00	1.717832840713423074e-05
6.150000000000001243e+00	7.389167042202156272e-06
6.200000000000001066e+00	-3.473388025284009444e-06
6.250000000000000000e+00	-1.252670272289703011e-05
6.300000000000000711e+00	-1.783780466671021543e-05
6.350000000000001421e+00	-1.864753292186449460e-05
6.400000000000000355e+00	-1.631096798738225094e-05
6.450000000000001066e+00	-1.093302415511285849e-05
6.499999999999999112e+00	-4.362051822052749042e-06
6.550000000000001599e+00	2.643061330163312887e-06
6.600000000000001421e+00	8.797166878976820997e-06
6.650000000000000355e+00	1.107270191909738652e-05
6.700000000000001066e+00	1.007873346873026821e-05
6.750000000000000000e+00	8.615351322573454806e-06
6.800000000000000711e+00	5.704183740518834199e-06
6.849999999999999645e+00	4.843085637581747887e-06
6.899999999999999467e+00	4.708690065912587557e-06
6.950000000000001066e+00	4.815072434447744605e-06
7.000000000000000888e+00	6.007919118099509223e-06
7.050000000000000711e+00	6.886352447787680311e-06
7.100000000000000533e+00	5.817781998735936677e-06
7.150000000000000355e+00	3.039070839986501198e-06
7.200000000000001066e+00	-9.578341403061758654e-07
7.249999999999999112e+00	-7.051987685533411056e-06
7.300000000000001599e+00	-1.136498070686063855e-05
7.350000000000001421e+00	-1.280213493944995788e-05
7.400000000000001243e+00	-1.073135624203182785e-05
7.450000000000001066e+00	-6.382723193020440239e-06
7.500000000000000000e+00	2.173617565968624433e-06
7.550000000000000711e+00	1.017109270686760857e-05
7.600000000000000533e+00	1.760001844488318139e-05
7.649999999999999467e+00	2.208704352584813817e-05
7.700000000000001066e+00	2.228630227391875849e-05
7.750000000000000888e+00	1.747141974518674458e-05
7.800000000000001599e+00	9.955585063075345854e-06
7.850000000000000533e+00	2.768362176435159842e-06
7.900000000000000355e+00	-3.056851817653680663e-06
7.950000000000001066e+00	-4.892772533878192087e-06
8.000000000000000000e+00	-4.104809407971702639e-06
8.050000000000000711e+00	-1.124247991486408978e-06
8.100000000000001421e+00	2.482271677425389264e-06
8.150000000000002132e+00	3.584049954290915643e-06
8.200000000000001066e+00	1.404867975012713401e-06
8.250000000000000000e+00	-4.058715422313737648e-06
8.300000000000000711e+00	-1.282660429092205067e-05
8.350000000000001421e+00	-1.990943143381999005e-05
8.400000000000000355e+00	-2.307989768684433362e-05
8.449999999999999289e+00	-1.991005249584588385e-05
8.500000000000000000e+00	-1.385522473173564214e-05
8.550000000000000711e+00	-4.723602763917707619e-06
8.600000000000001421e+00	5.735097401783396783e-06
8.650000000000000355e+00	1.410527130173807174e-05
8.700000000000001066e+00	1.822208872945731698e-05
8.750000000000000000e+00	1.692579547896471686e-05
8.800000000000000711e+00	1.157730531985088315e-05
8.850000000000001421e+00	2.724452106508114773e-06
8.900000000000002132e+00	-5.483329899151457767e-06
8.950000000000001066e+00	-1.225407284652153268e-05
9.000000000000000000e+00	-1.762778582561848711e-05
9.050000000000000711e+00	-2.190477430579052502e-05
9.100000000000001421e+00	-2.648502111335177738e-05
9.150000000000000355e+00	-3.123650994907712345e-05
9.200000000000001066e+00	-3.535854064037047398e-05
9.250000000000000000e+00	-3.763060110924764095e-05
9.300000000000000711e+00	-3.489174799513513199e-05
9.350000000000001421e+00	-2.751409381111061427e-05
9.400000000000000355e+00	-1.619682902539118800e-05
9.450000000000001066e+00	-4.936602421391926890e-06
9.500000000000000000e+00	6.973594254401917283e-06
9.550000000000000711e+00	1.275364902096689627e-05
9.599999999999999645e+00	1.364757285438416459e-05
9.650000000000002132e+00	1.011179429545298524e-05
9.700000000000001066e+00	3.553615101604074454e-06
9.750000000000000000e+00	-4.011206639073567214e-06
9.800000000000000711e+00	-9.924757738575991768e-06
9.849999999999999645e+00	-1.235331528766103556e-05
9.900000000000000355e+00	-1.043121746770076911e-05
9.950000000000001066e+00	-7.529376366352106825e-06
1.000000000000000000e+01	-5.812419448168635644e-06
1.005000000000000249e+01	-6.919364743049710552e-06
1.009999999999999964e+01	-1.104197007497177547e-05
1.015000000000000036e+01	-1.591898377537808129e-05
1.020000000000000107e+01	-2.109544889692767641e-05
1.025000000000000000e+01	-2.385480778405087379e-05
1.030000000000000071e+01	-2.252611820100198931e-05
1.034999999999999964e+01	-1.548375539432231008e-05
1.040000000000000213e+01	-3.813397504633040277e-06
1.045000000000000284e+01	1.024935935834999214e-05
1.050000000000000178e+01	2.291759793198908882e-05
1.055000000000000071e+01	3.375682765410182250e-05
1.059999999999999964e+01	3.912993398994018868e-05
1.065000000000000036e+01	4.195127775100111853e-05
1.070000000000000107e+01	4.233796535192261749e-05
1.075000000000000178e+01	4.093512110365282909e-05
1.080000000000000071e+01	3.701137255270308540e-05
1.084999999999999964e+01	2.989194125893639619e-05
1.089999999999999858e+01	1.991777163567451842e-05
1.094999999999999929e+01	6.705231805632996879e-06
1.100000000000000178e+01	-6.997783670781929568e-06
1.105000000000000249e+01	-1.934596710815255534e-05
1.110000000000000142e+01	-2.998530752488298828e-05
1.115000000000000213e+01	-3.627061541592334403e-05
1.120000000000000284e+01	-3.660106736261227787e-05
1.125000000000000178e+01	-3.101587203754207811e-05
1.130000000000000071e+01	-1.891257958166900561e-05
1.134999999999999964e+01	-1.538773308593484795e-06
1.140000000000000036e+01	1.938271192992184662e-05
1.145000000000000107e+01	4.142454488336742494e-05
1.150000000000000178e+01	6.084971076355707970e-05
1.155000000000000071e+01	7.167320785215316244e-05
1.159999999999999964e+01	7.326886706621697906e-05
1.165000000000000036e+01	6.807438165063065341e-05
1.169999999999999929e+01	5.519649472788413217e-05
1.175000000000000000e+01	3.951118290216946549e-05
1.180000000000000249e+01	2.115531403623285974e-05
1.185000000000000142e+01	3.638446160660265908e-06
1.190000000000000213e+01	-1.362613513665738931e-05
1.195000000000000284e+01	-2.574052652658325265e-05
1.200000000000000178e+01	-3.444077801279279668e-05
1.205000000000000071e+01	-3.700336116907856963e-05
1.209999999999999964e+01	-3.555506457029592230e-05
1.215000000000000036e+01	-2.974484574252763834e-05
1.220000000000000107e+01	-2.127579057397060582e-05
1.225000000000000178e+01	-1.048971985765695034e-05
1.230000000000000071e+01	-6.119780266533539313e-07
1.234999999999999964e+01	8.784139698554842266e-06
1.240000000000000036e+01	1.438566040914885929e-05
1.245000000000000107e+01	1.500644566504654696e-05
1.250000000000000000e+01	1.072457695965744130e-05
1.255000000000000249e+01	1.208022787918152254e-06
1.260000000000000142e+01	-1.003532541807953381e-05
1.265000000000000213e+01	-1.873902633060899644e-05
1.270000000000000284e+01	-2.457476022215626877e-05
1.275000000000000178e+01	-2.586427419027448741e-05
1.280000000000000249e+01	-2.216276614409421359e-05
1.284999999999999964e+01	-1.600894140956591279e-05
1.290000000000000036e+01	-8.748464151468295980e-06
1.295000000000000107e+01	-1.391409989957825972e-06
1.300000000000000178e+01	3.177412054577250156e-06
1.305000000000000071e+01	4.925691986345861825e-06
1.309999999999999964e+01	2.900164304214197579e-06
1.315000000000000036e+01	-1.485263328897552059e-06
1.320000000000000107e+01	-5.411772546270443800e-06
1.325000000000000178e+01	-8.297283338613771581e-06
1.329999999999999893e+01	-9.606290952613268834e-06
1.335000000000000142e+01	-8.413014343521720419e-06
1.340000000000000213e+01	-5.758842122279069342e-06
1.345000000000000284e+01	-2.466091182929130744e-06
1.350000000000000178e+01	8.627620638518758021e-07
1.355000000000000249e+01	3.978027648794395135e-06
1.360000000000000142e+01	4.314479209391459044e-06
1.365000000000000036e+01	2.696781788694181788e-06
1.370000000000000107e+01	1.094757216380832343e-07
1.375000000000000178e+01	-1.866487975396487380e-06
1.380000000000000071e+01	-3.447358106009026074e-06
1.384999999999999964e+01	-2.080920717669981814e-06
1.390000000000000036e+01	-3.035883764896088853e-07
1.395000000000000107e+01	2.551707009771721527e-06
1.400000000000000178e+01	6.559675756392055761e-06
1.405000000000000071e+01	1.016820209570009050e-05
1.410000000000000142e+01	1.230585521172017837e-05
1.415000000000000213e+01	1.191705438219528314e-05
1.420000000000000284e+01	7.905633395837015378e-06
1.425000000000000178e+01	1.131325496169946176e-06
1.430000000000000249e+01	-7.972588876045410709e-06
1.435000000000000142e+01	-1.485956062747273036e-05
1.440000000000000213e+01	-2.180474797605774919e-05
1.445000000000000107e+01	-2.481288686756261618e-05
1.450000000000000178e+01	-2.276687046876695752e-05
1.455000000000000071e+01	-1.665340843573127899e-05
1.459999999999999964e+01	-6.129523836459605156e-06
1.465000000000000036e+01	3.793719755710672472e-06
1.470000000000000107e+01	1.219810903880426383e-05
1.475000000000000178e+01	1.446738457552794655e-05
1.480000000000000071e+01	1.120482864497942420e-05
1.484999999999999787e+01	4.175758183369244887e-06
1.490000000000000213e+01	-1.625132405306816969e-06
1.495000000000000284e+01	-6.270817381575488168e-06
1.500000000000000178e+01	-7.006196493988864194e-06
1.505000000000000249e+01	-2.755917549380054552e-06
1.510000000000000142e+01	5.649386797921564998e-06
1.515000000000000213e+01	1.598768339891458082e-05
1.520000000000000107e+01	2.278368872995855093e-05
1.525000000000000178e+01	2.436673433604798022e-05
1.530000000000000071e+01	1.932297814207004541e-05
1.534999999999999964e+01	9.090038770424485511e-06
1.540000000000000036e+01	-2.367808996524453614e-06
1.545000000000000107e+01	-1.216158999383034065e-05
1.550000000000000178e+01	-1.862662500591688147e-05
1.555000000000000071e+01	-1.960814953258339737e-05
1.559999999999999964e+01	-1.586921300405719229e-05
1.565000000000000213e+01	-8.009735137397129310e-06
1.570000000000000284e+01	5.469309230494400965e-07
1.575000000000000355e+01	8.119851087471306164e-06
1.580000000000000426e+01	1.281391014885710778e-05
1.585000000000000320e+01	1.418970619637060814e-05
1.590000000000000391e+01	1.347086101409110632e-05
1.595000000000000284e+01	1.187130187514838522e-05
1.600000000000000000e+01	8.614069283153637265e-06
1.605000000000000426e+01	5.213606635258415326e-06
1.610000000000000142e+01	1.051079077601056273e-06
1.615000000000000213e+01	-4.550885801361423424e-06
1.620000000000000284e+01	-1.088463512371254484e-05
1.625000000000000000e+01	-1.576632454901425487e-05
1.630000000000000426e+01	-1.960343828828561038e-05
1.635000000000000142e+01	-1.998793617080153818e-05
1.639999999999999858e+01	-1.505191050010183476e-05
1.645000000000000284e+01	-1.361097011022441968e-05
1.650000000000000000e+01	-7.214144835263233489e-06
1.655000000000000071e+01	-3.126465274527825589e-07
1.660000000000000142e+01	6.761272630668310681e-06
1.664999999999999858e+01	1.395181728478617913e-05
1.670000000000000284e+01	1.958889678561929147e-05
1.675000000000000000e+01	2.427128930586861416e-05
1.679999999999999716e+01	2.456829006408582419e-05
1.684999999999999787e+01	2.150772910646209739e-05
1.689999999999999858e+01	1.384771607074194205e-05
1.694999999999999929e+01	3.041712815337312274e-06
1.700000000000000000e+01	-7.989059152596787584e-06
1.704999999999999716e+01	-1.898294510034517153e-05
1.709999999999999787e+01	-2.512872310768519770e-05
1.714999999999999858e+01	-2.867772121449484678e-05
1.720000000000000284e+01	-2.622205567952078540e-05
1.725000000000000355e+01	-1.792271467730933233e-05
1.730000000000000426e+01	-5.737186012979199280e-06
1.735000000000000497e+01	7.005321345148864671e-06
1.739999999999999858e+01	1.706327578764414834e-05
