# distance_x[ps] 	  Amplitude [V]
1.419999999999999751e+01	6.106910637520171744e-08
1.399999999999999467e+01	1.376417285378021577e-07
1.379999999999999538e+01	6.902140822148678490e-08
1.359999999999999964e+01	-1.474529963347545037e-08
1.339999999999999325e+01	1.213492248369864769e-07
1.319999999999999751e+01	4.659371903214190591e-09
1.299999999999999467e+01	4.634789663344413901e-08
1.279999999999999893e+01	1.909920467616191262e-07
1.259999999999999609e+01	-5.353600381253285993e-08
1.240000000000000036e+01	-3.984643928762779439e-08
1.219999999999999751e+01	8.983841559962167436e-08
1.200000000000000178e+01	1.869866187073012268e-07
1.180000000000000249e+01	-6.592911015031443665e-08
1.159999999999999254e+01	3.534607825361417010e-07
1.140000000000000036e+01	-4.252235149319476499e-08
1.119999999999999751e+01	2.079982794440615890e-07
1.099999999999999822e+01	1.317418151304300970e-08
1.079999999999999893e+01	-7.348718179782954085e-08
1.059999999999999609e+01	2.373946292076491146e-07
1.040000000000000036e+01	1.221633576738753565e-07
1.019999999999999751e+01	1.084753756966014119e-07
9.999999999999998224e+00	7.536285241793619780e-08
9.799999999999998934e+00	-2.195204570688602976e-07
9.599999999999996092e+00	4.711103626888642922e-08
9.400000000000000355e+00	-3.227342135693004722e-09
9.199999999999997513e+00	-9.162774945452042825e-09
9.000000000000001776e+00	-4.205532410339414784e-08
8.799999999999998934e+00	7.100943972340163468e-08
8.599999999999996092e+00	2.259053334058521844e-07
8.400000000000000355e+00	1.002178179961394416e-07
8.199999999999997513e+00	-2.862160477885048684e-08
7.999999999999998224e+00	1.480260544158388765e-07
7.799999999999998934e+00	6.145401712681072963e-08
7.599999999999996092e+00	-1.772898218556652260e-07
7.400000000000000355e+00	-6.053772204840296314e-08
7.199999999999997513e+00	1.207673748246181713e-07
6.999999999999998224e+00	-1.520318341474081391e-07
6.799999999999998934e+00	-1.808060668533471005e-08
6.599999999999996092e+00	-2.754156877221141549e-07
6.400000000000000355e+00	-4.570327223170879065e-08
6.199999999999997513e+00	-2.917584812698737187e-08
5.999999999999998224e+00	7.563469893323430411e-08
5.800000000000002487e+00	2.066583891163956462e-07
5.599999999999996092e+00	1.082882833988800745e-07
5.400000000000000355e+00	1.483109129894371674e-07
5.199999999999997513e+00	9.772231622051801462e-08
4.999999999999998224e+00	-1.679498015755298085e-07
4.799999999999998934e+00	-1.607323293459528480e-08
4.599999999999996092e+00	2.245701907210795247e-07
4.400000000000000355e+00	-3.233654742354844069e-08
4.200000000000001066e+00	-2.160697998785562981e-07
3.999999999999998224e+00	2.062288153538644156e-08
3.799999999999998934e+00	-2.113052764771865728e-09
3.599999999999996092e+00	-3.737942336936623227e-08
3.400000000000000355e+00	-3.024283690760114547e-08
3.199999999999997513e+00	-3.385930992191944267e-08
2.999999999999998224e+00	1.121973518863264134e-08
2.799999999999998934e+00	4.827157119836086488e-08
2.599999999999999645e+00	1.427498406137464744e-07
2.400000000000000355e+00	-1.176311170970263309e-07
2.199999999999997513e+00	1.640134781011033493e-08
1.999999999999998224e+00	5.107830734143221580e-08
1.799999999999998934e+00	-2.151491088345065784e-08
1.599999999999996092e+00	-6.355317864015404097e-08
1.400000000000000355e+00	7.327371370625652410e-08
1.199999999999997513e+00	2.247875272624174963e-07
1.000000000000001776e+00	5.830896746793500937e-08
7.999999999999989342e-01	-6.407454016528914439e-08
5.999999999999960920e-01	-9.775343965726301695e-08
4.000000000000003553e-01	-1.288455771268886476e-07
1.999999999999975131e-01	-3.200948757978746012e-08
0.000000000000000000e+00	4.841579403914190674e-07
-2.000000000000010658e-01	1.264406322434913755e-07
-4.000000000000039080e-01	-3.234727357971478805e-09
-5.999999999999978684e-01	-1.069415353648126961e-07
-8.000000000000024869e-01	1.043136271040557878e-07
-1.000000000000003553e+00	1.484373409612996078e-07
-1.200000000000001066e+00	6.946575242857494957e-08
-1.400000000000003908e+00	1.606623455729330793e-07
-1.600000000000003197e+00	1.118011874626740654e-07
-1.800000000000002487e+00	3.510908295392543595e-07
-2.000000000000000000e+00	1.420617840714686721e-07
-2.200000000000001066e+00	9.031704833871704341e-08
-2.400000000000002132e+00	-8.430407069503401731e-09
-2.600000000000003197e+00	3.915150745508598562e-07
-2.800000000000000711e+00	-5.010169961441692372e-09
-3.000000000000001776e+00	2.404552763261994158e-07
-3.200000000000001066e+00	-6.452152195176249289e-08
-3.400000000000000355e+00	1.468187464119341363e-07
-3.600000000000001421e+00	1.115518482914627234e-07
-3.800000000000000711e+00	-2.702393502594068191e-08
-4.000000000000001776e+00	-1.702297251960700928e-07
-4.200000000000001066e+00	-1.262969720863124855e-07
-4.400000000000000355e+00	-7.687488876014084911e-08
-4.600000000000003197e+00	-4.263066808661237440e-08
-4.800000000000002487e+00	-1.743774066985614759e-08
-5.000000000000000000e+00	1.532873219347487026e-08
-5.200000000000001066e+00	-1.053035985666226359e-07
-5.400000000000000355e+00	7.732855241438994831e-09
-5.600000000000003197e+00	3.715867555869013358e-07
-5.800000000000000711e+00	-1.692235765799408514e-08
-6.000000000000000000e+00	5.136562765578998248e-08
-6.200000000000001066e+00	2.068060935619651195e-07
-6.400000000000002132e+00	-1.495312330516421055e-07
-6.600000000000001421e+00	-1.158296503769557870e-07
-6.800000000000000711e+00	-1.984620232576696176e-08
-6.999999999999998224e+00	-1.457893870972154374e-07
-7.200000000000001066e+00	-1.319018282797969824e-08
-7.400000000000000355e+00	-1.685457186779523749e-07
-7.600000000000001421e+00	2.139597363704209413e-07
-7.800000000000002487e+00	-1.267690987962577822e-08
-8.000000000000001776e+00	-1.810566368949382002e-07
-8.199999999999999289e+00	2.868930264973649768e-08
-8.400000000000000355e+00	7.794996611753578956e-08
-8.599999999999999645e+00	-3.972757237666950926e-08
-8.800000000000002487e+00	2.151454162233673648e-07
-9.000000000000001776e+00	1.407041340426092481e-07
-9.200000000000001066e+00	3.661839379743208118e-08
-9.400000000000002132e+00	-5.098511286982291025e-08
-9.600000000000001421e+00	2.496222713986677700e-08
-9.800000000000000711e+00	1.593780202509813739e-07
-1.000000000000000000e+01	3.662507566520784181e-08
-1.019999999999999929e+01	-8.302431717734995984e-08
-1.040000000000000213e+01	1.897562529003545013e-08
-1.060000000000000142e+01	2.753944112484071219e-07
-1.080000000000000071e+01	-2.357855299440702361e-08
-1.100000000000000178e+01	2.263053662792695070e-07
-1.120000000000000284e+01	-4.608783130606645955e-08
-1.140000000000000036e+01	-2.013651189676124893e-08
-1.160000000000000142e+01	2.613438500249852213e-07
-1.180000000000000071e+01	2.071076568050027756e-07
-1.200000000000000178e+01	-4.477537180400627888e-08
-1.220000000000000107e+01	1.357298351608059447e-08
-1.240000000000000036e+01	2.469055646319435226e-08
-1.260000000000000142e+01	1.527128571446588640e-07
-1.280000000000000249e+01	1.916658603752169267e-08
-1.300000000000000178e+01	1.895565002215843954e-07
-1.319999999999999929e+01	6.380515539075054034e-08
-1.339999999999999858e+01	-6.005416582778857635e-09
-1.359999999999999787e+01	1.831086736565997777e-07
-1.380000000000000426e+01	1.145964940950763460e-07
-1.400000000000000355e+01	1.037356455414523972e-07
-1.420000000000000284e+01	9.351555293979886195e-08
-1.440000000000000213e+01	-4.961286823503222719e-08
-1.460000000000000142e+01	-1.039858639057921206e-07
-1.480000000000000071e+01	1.942229056698257180e-07
-1.500000000000000000e+01	-7.725030422596326836e-08
-1.519999999999999929e+01	-2.971787069063963342e-07
-1.539999999999999858e+01	2.469073230182002588e-07
-1.560000000000000320e+01	8.015814757879944982e-08
-1.580000000000000249e+01	1.470925271521147001e-08
-1.600000000000000000e+01	-1.296670951860559943e-07
-1.619999999999999929e+01	-7.582829726010571393e-08
-1.639999999999999858e+01	2.376022946245747455e-07
-1.659999999999999787e+01	-2.755074754847180476e-08
-1.679999999999999716e+01	1.059564873837648393e-07
-1.700000000000000355e+01	1.796117709077425184e-07
-1.720000000000000284e+01	2.967978404431779716e-07
-1.740000000000000213e+01	-1.101950774557317073e-07
-1.760000000000000142e+01	-8.618202721727447508e-08
-1.780000000000000071e+01	-1.437164255390981372e-08
-1.800000000000000000e+01	-9.851271084294038544e-08
-1.819999999999999929e+01	-2.305429013194823121e-07
-1.839999999999999858e+01	-4.587559408487318068e-08
-1.859999999999999787e+01	2.759723928110105389e-07
-1.880000000000000426e+01	3.768306150818690440e-07
-1.900000000000000355e+01	4.015837700958047111e-08
-1.920000000000000284e+01	6.325196707436770831e-08
-1.940000000000000213e+01	-3.350253335041889115e-07
-1.960000000000000142e+01	5.573398663350717451e-08
-1.980000000000000071e+01	4.723371887802192233e-07
-2.000000000000000000e+01	1.849541000330898402e-07
-2.020000000000000284e+01	-1.216775155511272020e-07
-2.040000000000000213e+01	1.101400399658944981e-08
-2.060000000000000142e+01	2.085961307713665865e-07
-2.080000000000000071e+01	9.434709380062987273e-08
-2.100000000000000000e+01	-1.013998052379465653e-07
-2.119999999999999929e+01	2.291113990678381383e-07
-2.139999999999999858e+01	1.417517805743984595e-07
-2.159999999999999787e+01	4.838340456429203948e-08
-2.179999999999999716e+01	7.456261083247587091e-08
-2.200000000000000355e+01	8.370094420895868528e-08
-2.220000000000000284e+01	1.893096227911325557e-07
-2.240000000000000213e+01	1.801340116260060032e-07
-2.260000000000000142e+01	-1.870386669405018593e-07
-2.280000000000000071e+01	7.263366110878887004e-09
-2.300000000000000000e+01	1.645471483300359110e-07
-2.319999999999999574e+01	-4.858104717955404596e-08
-2.340000000000000568e+01	-3.021382353436428226e-08
-2.360000000000000142e+01	1.505444152127984441e-07
-2.380000000000000426e+01	-3.118568361848627952e-08
-2.400000000000000000e+01	-8.344826410385947287e-08
-2.420000000000000284e+01	2.230170081404662467e-07
-2.439999999999999858e+01	-7.382830873164476896e-08
-2.460000000000000142e+01	9.260295047253034222e-08
-2.479999999999999716e+01	2.216904815483518384e-07
-2.500000000000000000e+01	1.925058414900805270e-07
-2.520000000000000284e+01	-7.515131855124562535e-08
-2.540000000000000568e+01	3.066361873884847100e-07
-2.560000000000000142e+01	-4.162856375887376942e-08
-2.580000000000000071e+01	1.336125622690177363e-07
-2.600000000000000000e+01	1.650737850139413358e-08
-2.619999999999999929e+01	2.042835126379893002e-07
-2.639999999999999858e+01	-3.776644418448338357e-08
-2.660000000000000497e+01	-9.020732503629400793e-08
-2.680000000000000426e+01	2.557701172682457201e-07
-2.700000000000000000e+01	4.572507622129285845e-09
-2.720000000000000284e+01	-2.985810199461780162e-08
-2.740000000000000213e+01	1.001553952840237554e-07
-2.760000000000000142e+01	-7.456524841186102826e-08
-2.779999999999999716e+01	2.535733653176511501e-08
-2.800000000000000000e+01	1.612812975353194415e-07
-2.819999999999999574e+01	5.572941482923955300e-08
-2.840000000000000568e+01	-1.561658002370966842e-08
-2.860000000000000142e+01	7.326474593634696263e-08
-2.880000000000000071e+01	-4.905071214873983370e-08
-2.900000000000000000e+01	1.398337328455034313e-07
-2.920000000000000284e+01	4.021464536979741493e-08
-2.939999999999999858e+01	-2.470075510348367146e-08
-2.959999999999999787e+01	1.535732355401010300e-07
-2.980000000000000426e+01	2.529157288576156502e-08
-3.000000000000000000e+01	-4.076115181840444000e-09
-3.020000000000000284e+01	-1.059253639470198502e-07
-3.039999999999999858e+01	1.838313704081361741e-07
-3.059999999999999787e+01	1.932830482155770714e-07
-3.079999999999999716e+01	5.613736044081238080e-08
-3.100000000000000000e+01	6.542199155385924910e-08
-3.119999999999999929e+01	8.230566471420417337e-08
-3.139999999999999858e+01	2.234511537072651054e-07
-3.160000000000000497e+01	1.278132285555334283e-07
-3.180000000000000426e+01	7.599024463435511642e-08
-3.200000000000000711e+01	-4.642034214722345624e-08
-3.219999999999999574e+01	-1.859141789292914437e-08
-3.239999999999999858e+01	-2.262842656441881423e-07
-3.260000000000000142e+01	-1.577377975506575128e-08
-3.279999999999999716e+01	-3.377508322021972506e-09
-3.300000000000000711e+01	1.226128012011082073e-07
-3.320000000000000284e+01	2.572918247348626989e-07
-3.340000000000000568e+01	-1.939927329088132699e-07
-3.360000000000000142e+01	9.972089803997354674e-08
-3.379999999999999716e+01	3.540334889399746444e-09
-3.400000000000000000e+01	-1.337041741929959176e-08
-3.419999999999999574e+01	-1.130443665462171309e-07
-3.439999999999999858e+01	-9.040989113307499244e-08
-3.459999999999999432e+01	2.845468117149441573e-07
-3.480000000000000426e+01	8.322406985612009220e-08
-3.500000000000000711e+01	9.733705379165763930e-08
-3.519999999999999574e+01	-8.574876084360403745e-08
-3.539999999999999858e+01	1.408379472367501820e-07
-3.560000000000000142e+01	-4.430922360733404972e-08
-3.579999999999999716e+01	-2.444649245075336134e-08
-3.600000000000000000e+01	-9.597500779715629530e-08
-3.620000000000000284e+01	1.602862267526079470e-07
-3.640000000000000568e+01	6.026130372883722870e-08
-3.660000000000000142e+01	-6.144118090713625307e-08
-3.679999999999999716e+01	6.507418275226826697e-08
-3.700000000000000000e+01	7.579277785771877827e-08
-3.719999999999999574e+01	-2.762053789900337862e-07
-3.739999999999999858e+01	8.903747065965863443e-08
-3.760000000000000142e+01	3.221662548083608600e-08
-3.779999999999999716e+01	8.469144318740253836e-08
-3.800000000000000711e+01	3.336910700125446465e-07
-3.820000000000000284e+01	-1.656197639466713757e-07
-3.839999999999999858e+01	2.370781196814288032e-07
-3.860000000000000142e+01	-1.966243337807093588e-07
-3.879999999999999716e+01	1.363385884829029347e-07
-3.900000000000000000e+01	9.234921533567705364e-08
-3.920000000000000284e+01	4.879662533463520845e-08
-3.940000000000000568e+01	1.249526857930046226e-07
-3.960000000000000142e+01	-9.455722095831502240e-09
-3.980000000000000426e+01	1.409541765683233032e-07
-4.000000000000000000e+01	7.884269882010274205e-08
-4.019999999999999574e+01	-5.775243821766429373e-09
-4.039999999999999858e+01	1.094284210477758585e-07
-4.060000000000000142e+01	1.726893558920531614e-08
-4.079999999999999716e+01	1.682327259242456418e-07
-4.100000000000000000e+01	-6.113996934134992041e-08
-4.119999999999999574e+01	1.509706480414417778e-07
-4.139999999999999858e+01	-3.686034774636493630e-08
-4.160000000000000142e+01	2.006619403035263367e-07
-4.180000000000000426e+01	1.835514353160568612e-07
-4.200000000000000711e+01	-1.654588716041760626e-08
-4.220000000000000284e+01	6.481112816825406703e-08
-4.240000000000000568e+01	-2.133989869931340003e-07
-4.260000000000000142e+01	-1.111284288808302418e-07
-4.280000000000000426e+01	-7.340031751674463445e-09
-4.300000000000000711e+01	9.792839908981256433e-08
-4.319999999999999574e+01	1.346394598429769196e-07
-4.339999999999999858e+01	6.012116034417190393e-08
-4.360000000000000142e+01	1.839261474273765410e-07
-4.379999999999999716e+01	-1.385021069332443501e-07
-4.400000000000000000e+01	-4.894186803944519282e-08
-4.419999999999999574e+01	-7.577501815652529721e-08
-4.439999999999999858e+01	1.471771055310657875e-07
-4.459999999999999432e+01	-3.337199075471558943e-07
-4.479999999999999716e+01	3.088640627758242427e-08
-4.499999999999999289e+01	1.178945233582918940e-07
-4.520000000000000284e+01	-7.946376084599723008e-08
-4.539999999999999858e+01	1.012630027871691242e-07
-4.560000000000000142e+01	1.072040624329498645e-07
-4.580000000000000426e+01	-1.027864686400428392e-07
