# distance_x[ps] 	  Amplitude [V]
1.123510971786834034e+01	-2.008814396599601347e-06
1.118495297805642785e+01	-2.454680486993011582e-06
1.113479623824451537e+01	-2.248957207687971035e-06
1.108463949843260465e+01	-2.277887936770763243e-06
1.103448275862069039e+01	-1.381941783319571457e-06
1.098432601880877790e+01	-8.322287415346547342e-07
1.093416927899686542e+01	-1.114289370921138614e-07
1.088401253918495470e+01	6.481163810026853167e-07
1.083385579937304222e+01	1.492217043188612186e-06
1.078369905956113151e+01	1.613214063258365747e-06
1.073354231974921902e+01	1.897196081307632513e-06
1.068338557993730475e+01	1.364299894005303108e-06
1.063322884012539227e+01	1.309786403272626507e-06
1.058307210031347978e+01	8.521486202445806981e-07
1.053291536050156907e+01	1.007585393539616688e-06
1.048275862068965480e+01	9.344004783393275821e-07
1.043260188087774409e+01	7.748121550920353406e-07
1.038244514106583338e+01	-2.977798991675893476e-07
1.033228840125391912e+01	-2.153781913960398101e-06
1.028213166144200663e+01	-3.325634696576596976e-06
1.023197492163009592e+01	-4.015840690214683631e-06
1.018181818181818343e+01	-3.962942804774736616e-06
1.013166144200627095e+01	-2.065810025372348092e-06
1.008150470219435846e+01	-4.097101521815109578e-07
1.003134796238244775e+01	1.372115745078062137e-06
9.981191222570533483e+00	2.309744444746210995e-06
9.931034482758620996e+00	2.293457567881417045e-06
9.880877742946708508e+00	1.842529786809241712e-06
9.830721003134797797e+00	1.437135593694996057e-06
9.780564263322885310e+00	1.428665447096089425e-06
9.730407523510972823e+00	1.062023273663251776e-06
9.680250783699060335e+00	2.333522926258013991e-06
9.630094043887147848e+00	2.262700754670959296e-06
9.579937304075237137e+00	2.967942885029392489e-06
9.529780564263324649e+00	2.656341718206265453e-06
9.479623824451412162e+00	1.920771996722654154e-06
9.429467084639499674e+00	6.549109613375076873e-09
9.379310344827587187e+00	-1.977851676358474703e-06
9.329153605015674700e+00	-2.458398243055720074e-06
9.278996865203762212e+00	-3.060440859842393370e-06
9.228840125391849725e+00	-2.259793790511251800e-06
9.178683385579937237e+00	-1.278349094580795144e-06
9.128526645768026526e+00	-1.337909153870428625e-06
9.078369905956114039e+00	-1.123835122393317073e-06
9.028213166144203328e+00	-7.073418193876536947e-07
8.978056426332289064e+00	-5.869982156509194475e-07
8.927899686520376576e+00	-4.739591242634726578e-07
8.877742946708464089e+00	-3.228715435359550325e-07
8.827586206896551602e+00	3.255500933209071870e-07
8.777429467084639114e+00	1.045872144217481191e-06
8.727272727272728403e+00	1.228324939800302245e-06
8.677115987460815916e+00	1.414984146986591247e-06
8.626959247648901652e+00	1.475868974482082479e-06
8.576802507836992717e+00	3.457317957444676460e-07
8.526645768025078453e+00	-2.189211990325498476e-07
8.476489028213165966e+00	-6.072451542046065111e-07
8.426332288401255255e+00	-6.052061295012449197e-07
8.376175548589342768e+00	-9.078989598702760137e-07
8.326018808777430280e+00	-9.667795787102901021e-07
8.275862068965517793e+00	-4.964909099192187720e-07
8.225705329153605305e+00	4.417753806056384030e-07
8.175548589341692818e+00	7.327556001182615542e-07
8.125391849529780330e+00	1.110009634610763027e-06
8.075235109717867843e+00	4.399742655628191429e-07
8.025078369905957132e+00	1.837040632431453391e-07
7.974921630094044644e+00	-6.033809245667078803e-07
7.924764890282131269e+00	-9.982838819185048587e-07
7.874608150470219670e+00	-1.215474125519880976e-06
7.824451410658308070e+00	-5.676455923474304440e-07
7.774294670846394695e+00	-3.687394007212983698e-07
7.724137931034483096e+00	5.308110928790401688e-07
7.673981191222570608e+00	1.236424066899028259e-06
7.623824451410659009e+00	9.819066240001124089e-07
7.573667711598745633e+00	8.758038388797834694e-07
7.523510971786834034e+00	6.105498653355976941e-07
7.473354231974922435e+00	-3.195939115533181494e-07
7.423197492163009059e+00	-1.051146072117439667e-06
7.373040752351097460e+00	-7.952548020361020061e-07
7.322884012539184972e+00	-7.207987494107870084e-07
7.272727272727273373e+00	-6.166141878579786860e-07
7.222570532915360886e+00	2.069019256129596023e-07
7.172413793103449287e+00	4.409786557926915222e-08
7.122257053291536799e+00	4.714451594321551162e-07
7.072100313479623424e+00	3.075486140171275085e-07
7.021943573667711824e+00	-4.880983081542361630e-07
6.971786833855799337e+00	-3.300418910138502989e-07
6.921630094043886849e+00	-1.443902391526960104e-07
6.871473354231975250e+00	1.603279005068935787e-08
6.821316614420063651e+00	-2.536873087470904902e-07
6.771159874608150275e+00	-3.722493155284558799e-07
6.721003134796238676e+00	6.993691202607900417e-07
6.670846394984326189e+00	1.078106705238136506e-06
6.620689655172413701e+00	6.464962039056886713e-07
6.570532915360501214e+00	1.341564838898273071e-06
6.520376175548589615e+00	8.272695647746597280e-07
6.470219435736678015e+00	5.333294536759997894e-07
6.420062695924764640e+00	-4.415082817332334873e-07
6.369905956112853040e+00	-1.191393377410537756e-06
6.319749216300940553e+00	-2.331125542435520749e-06
6.269592476489028066e+00	-2.306819720885309992e-06
6.219435736677115578e+00	-1.567462435404595690e-06
6.169278996865203979e+00	-3.297628351148994071e-07
6.119122257053292380e+00	9.036350490362116086e-07
6.068965517241379892e+00	2.233842646940572079e-06
6.018808777429467405e+00	2.122187757214462114e-06
5.968652037617554917e+00	1.691153479058360907e-06
5.918495297805642430e+00	1.357026680931386096e-06
5.868338557993729943e+00	7.422368188148162668e-07
5.818181818181818343e+00	4.502330426621217497e-08
5.768025078369905856e+00	-4.027861546181905262e-07
5.717868338557994257e+00	1.130199249772478826e-07
5.667711598746082657e+00	-7.659268534979031680e-07
5.617554858934169282e+00	-8.864464716989411049e-07
5.567398119122257683e+00	-8.946101315732909441e-07
5.517241379310345195e+00	-1.049671841079755891e-06
5.467084639498432708e+00	-8.589351120026210814e-07
5.416927899686520220e+00	-1.293046917785336538e-08
5.366771159874608621e+00	7.491064822428021657e-07
5.316614420062696134e+00	1.134118516900214662e-06
5.266457680250783646e+00	1.224265353449275455e-06
5.216300940438872047e+00	3.131923305468868709e-07
5.166144200626959559e+00	-9.473798306551195236e-08
5.115987460815047960e+00	-7.174931590866672191e-07
5.065830721003135473e+00	-1.118869087926920631e-06
5.015673981191223874e+00	-1.234634733044129677e-06
4.965517241379309610e+00	-7.548171932889449220e-07
4.915360501567398011e+00	-4.799485395313148103e-07
4.865203761755485523e+00	1.455048802008685361e-07
4.815047021943573924e+00	-2.512007747413785851e-07
4.764890282131662325e+00	7.736547852578231335e-08
4.714733542319749837e+00	1.399067058751597867e-07
4.664576802507837350e+00	5.159460471414780784e-07
4.614420062695924862e+00	3.791230232448324152e-07
4.564263322884013263e+00	1.453893542237981148e-06
4.514106583072100776e+00	2.229301262755187586e-06
4.463949843260187400e+00	1.884332430807536661e-06
4.413793103448276689e+00	2.245676410610071804e-06
4.363636363636364202e+00	5.739877398983826493e-07
4.313479623824451714e+00	-1.472127480204907227e-06
4.263322884012540115e+00	-2.958222174124664695e-06
4.213166144200627627e+00	-3.210697954740834087e-06
4.163009404388715140e+00	-2.606457706810437786e-06
4.112852664576802653e+00	-1.769489410959259812e-06
4.062695924764891053e+00	-4.330212546262617952e-07
4.012539184952978566e+00	1.106958482777999451e-06
3.962382445141066079e+00	2.504909493772419048e-06
3.912225705329152703e+00	2.962027673661586608e-06
3.862068965517241992e+00	2.931502615759772535e-06
3.811912225705329504e+00	1.904487757437245282e-06
3.761755485893417017e+00	7.262451750025355952e-07
3.711598746081505418e+00	-6.911929758440169568e-07
3.661442006269592930e+00	-1.913581779480057466e-06
3.611285266457680443e+00	-2.223845693554903822e-06
3.561128526645767955e+00	-2.452587303992941391e-06
3.510971786833856356e+00	-2.112153877717401495e-06
3.460815047021943869e+00	-8.853777245320704230e-07
3.410658307210031381e+00	-9.343326046298158997e-07
3.360501567398120670e+00	2.242666932531594111e-07
3.310344827586207295e+00	1.384372048965066213e-06
3.260188087774294807e+00	5.403506899993200504e-07
3.210031347962382320e+00	7.614274947440558942e-07
3.159874608150470721e+00	1.182952244184867828e-06
3.109717868338558677e+00	1.447438154612092289e-06
3.059561128526645746e+00	1.479280243820234496e-06
3.009404388714733258e+00	1.742381952586122026e-06
2.959247648902822103e+00	1.251470050582413282e-06
2.909090909090909172e+00	2.771932403890924820e-07
2.858934169278996684e+00	-6.032631126875036382e-07
2.808777429467085529e+00	-1.480095607527503186e-06
2.758620689655173042e+00	-1.478752376265949465e-06
2.708463949843260110e+00	-1.017309972894109926e-06
2.658307210031347623e+00	-7.018229482821257046e-08
2.608150470219436468e+00	3.416862764834951696e-07
2.557993730407523980e+00	1.037753147354053438e-06
2.507836990595611049e+00	5.232023797073298715e-07
2.457680250783700338e+00	-6.731192268650836757e-07
2.407523510971787406e+00	-1.663017188886381534e-06
2.357366771159874475e+00	-2.970061212952934999e-06
2.307210031347961987e+00	-2.408300236052442240e-06
2.257053291536051276e+00	-7.092262819390441918e-07
2.206896551724138344e+00	1.457628178808755282e-06
2.156739811912225857e+00	4.060728774577749651e-06
2.106583072100312926e+00	5.243314571066704556e-06
2.056426332288402214e+00	5.676870726792278750e-06
2.006269592476489283e+00	4.980225346843240377e-06
1.956112852664576796e+00	2.817000019490808214e-06
1.905956112852665640e+00	-3.311568837392741612e-08
1.855799373040752709e+00	-2.613437972733975579e-06
1.805642633228840221e+00	-4.488696602940653026e-06
1.755485893416927512e+00	-5.781194552536625392e-06
1.705329153605016579e+00	-4.809200479381854511e-06
1.655172413793103869e+00	-3.577263638371501934e-06
1.605015673981191160e+00	-1.211520042344260903e-06
1.554858934169280005e+00	7.021779664673695252e-07
1.504702194357367517e+00	2.592822476420867148e-06
1.454545454545454808e+00	3.494327064668364973e-06
1.404388714733542098e+00	3.482256622208702225e-06
1.354231974921630943e+00	3.525771758582474511e-06
1.304075235109718234e+00	1.632645813943409736e-06
1.253918495297805746e+00	-3.687868771502314139e-07
1.203761755485893037e+00	-1.449428120338889609e-06
1.153605015673981882e+00	-1.910274430769680993e-06
1.103448275862069172e+00	-1.272245911722139280e-06
1.053291536050156685e+00	2.438860637518017819e-07
1.003134796238245530e+00	3.402936345681257886e-07
9.529780564263328202e-01	9.809964832736033518e-07
9.028213166144202217e-01	1.038051545501828852e-06
8.526645768025076233e-01	3.000418872483103502e-07
8.025078369905964681e-01	-6.216254128511744835e-07
7.523510971786837587e-01	-1.549468693000345789e-06
7.021943573667710492e-01	-1.529854949337725069e-06
6.520376175548600051e-01	-1.216158489451019611e-06
6.018808777429472956e-01	-4.679443882335328359e-07
5.517241379310346971e-01	-1.224037994106273859e-06
5.015673981191220987e-01	-2.162089409830552684e-06
4.514106583072109435e-01	-3.500510605778955659e-06
4.012539184952982341e-01	-5.341118828086788368e-06
3.510971786833856356e-01	-6.424439676092153151e-06
3.009404388714730372e-01	-6.745905741493065120e-06
2.507836990595616600e-01	-4.848921545729374120e-06
2.006269592476490615e-01	-1.987138769212281200e-06
1.504702194357365741e-01	2.416658549285417882e-06
1.003134796238254189e-01	7.005109283766297967e-06
5.015673981191293151e-02	9.723643365488596590e-06
0.000000000000000000e+00	1.197611840072187984e-05
-5.015673981191248743e-02	1.120305513660083714e-05
-1.003134796238236426e-01	9.382640222065858683e-06
-1.504702194357361300e-01	6.351285005135480587e-06
-2.006269592476490615e-01	4.247246255831741824e-06
-2.507836990595599946e-01	5.012258924314745299e-07
-3.009404388714729262e-01	-2.222070250951433727e-06
-3.510971786833854136e-01	-3.394098168838807791e-06
-4.012539184952979010e-01	-3.641359103333246444e-06
-4.514106583072090562e-01	-4.003906171012670287e-06
-5.015673981191217656e-01	-3.203499824760081319e-06
-5.517241379310344751e-01	-2.706472607032544801e-06
-6.018808777429471846e-01	-2.046161113984591376e-06
-6.520376175548583397e-01	-1.464414846405421069e-06
-7.021943573667706051e-01	-1.051141324474546357e-06
-7.523510971786833146e-01	-6.282844216055981781e-07
-8.025078369905946918e-01	-4.947219733448987756e-07
-8.526645768025071792e-01	-9.241990246319958828e-08
-9.028213166144201107e-01	-1.267400854230209322e-07
-9.529780564263325981e-01	-5.292674055842135367e-07
-1.003134796238243753e+00	3.639812075104531743e-07
-1.053291536050156685e+00	-1.886326440822724406e-08
-1.103448275862069172e+00	2.193497177633270020e-07
-1.153605015673980327e+00	1.296375542969420996e-07
-1.203761755485892815e+00	-4.998430974791431578e-07
-1.253918495297805302e+00	5.378973894938614190e-08
-1.304075235109718234e+00	-1.305425957033064840e-07
-1.354231974921629389e+00	5.574031682403158524e-08
-1.404388714733541876e+00	-2.471007455064460136e-07
-1.454545454545454364e+00	-1.215732432461001892e-07
-1.504702194357367295e+00	-3.299295301320420928e-08
-1.554858934169278895e+00	2.937860764625661141e-07
-1.605015673981190938e+00	2.608910655638645399e-07
-1.655172413793103869e+00	-4.969990835474281019e-08
-1.705329153605014580e+00	1.157137727226340025e-07
-1.755485893416927512e+00	-1.815931205418816142e-07
-1.805642633228839999e+00	-1.944351428910189374e-07
-1.855799373040752487e+00	1.555187140946018468e-08
-1.905956112852664086e+00	1.582146719034960728e-07
-1.956112852664576129e+00	8.375299244215933102e-08
-2.006269592476488839e+00	4.338290572726262574e-08
-2.056426332288402214e+00	2.505211584531334185e-07
-2.106583072100312926e+00	2.193716975915367612e-07
-2.156739811912224525e+00	2.644486326385807094e-07
-2.206896551724137900e+00	3.970770261196789967e-07
-2.257053291536049500e+00	8.164750073829162880e-08
-2.307210031347963763e+00	1.055499484811974442e-07
-2.357366771159874475e+00	4.731594101938893491e-07
-2.407523510971785186e+00	-1.049255455214150460e-07
-2.457680250783699449e+00	2.784404637610261573e-08
-2.507836990595611049e+00	1.539270228549650663e-07
-2.557993730407522648e+00	6.171190205523000528e-07
-2.608150470219436912e+00	6.277421352840074710e-08
-2.658307210031347623e+00	2.104264350260483252e-07
-2.708463949843259222e+00	-1.761544318496627517e-07
-2.758620689655172598e+00	4.589507700459829876e-07
-2.808777429467083309e+00	-1.495542679116059674e-08
-2.858934169278998461e+00	-1.595324065643265880e-07
-2.909090909090909172e+00	5.840479951892948551e-08
-2.959247648902819883e+00	-2.004468896643222388e-07
-3.009404388714735035e+00	-8.349890562805473224e-08
-3.059561128526646634e+00	1.954351371552494363e-07
-3.109717868338557345e+00	-5.610147177731151650e-07
-3.159874608150470721e+00	7.596773729026833889e-08
-3.210031347962382320e+00	-1.386665160482532152e-07
-3.260188087774293031e+00	6.195691559624963895e-08
-3.310344827586207295e+00	-1.059830390162422134e-07
-3.360501567398118894e+00	-1.751289409847089679e-07
-3.410658307210033158e+00	3.866276399501414476e-07
-3.460815047021943869e+00	-1.535885335005350220e-07
-3.510971786833855468e+00	-2.205338150686423310e-07
-3.561128526645768844e+00	-3.921359607381286759e-07
-3.611285266457680443e+00	6.346005450399500937e-07
-3.661442006269591154e+00	4.868285774382158292e-08
-3.711598746081506306e+00	6.178353871133119922e-08
-3.761755485893417017e+00	2.254692536141708681e-07
-3.811912225705327728e+00	-3.310230705451332274e-07
-3.862068965517241992e+00	2.557818984561661536e-08
-3.912225705329152703e+00	1.515623450168480858e-08
-3.962382445141064302e+00	-1.742312848006230242e-07
-4.012539184952978566e+00	-2.030679402186777248e-07
-4.062695924764889277e+00	9.295726530327139679e-08
-4.112852664576803541e+00	1.268278288972342216e-07
-4.163009404388716028e+00	-2.638694202055975612e-07
-4.213166144200626739e+00	1.641064967340869799e-07
-4.263322884012540115e+00	4.199520487727485973e-07
-4.313479623824450826e+00	3.068229280089546445e-07
-4.363636363636362425e+00	-7.484043586104701820e-08
-4.413793103448276689e+00	-2.443288254112588919e-07
-4.463949843260187400e+00	-1.038930211114341451e-07
-4.514106583072098999e+00	4.477753461910211850e-07
-4.564263322884013263e+00	-7.695208191681346943e-08
-4.614420062695923974e+00	5.274258476574884423e-07
-4.664576802507838238e+00	-4.829522149351455010e-07
-4.714733542319749837e+00	5.255640682888108542e-09
-4.764890282131662325e+00	-2.446015511196853531e-07
