# distance_x[ps] 	  Amplitude [V]
1.128526645768025283e+01	-1.157304246404857043e-06
1.123510971786834034e+01	-1.528814512189588630e-06
1.118495297805642785e+01	-1.682461248275223259e-06
1.113479623824451714e+01	-2.467492792614409104e-06
1.108463949843260288e+01	-1.632827455243735236e-06
1.103448275862069039e+01	-1.322306992614024752e-06
1.098432601880877790e+01	-8.390623580443767719e-07
1.093416927899686719e+01	3.826213327026950742e-08
1.088401253918495470e+01	1.072824337084145315e-06
1.083385579937304399e+01	1.821284260700329708e-06
1.078369905956113151e+01	1.665121098042618075e-06
1.073354231974921724e+01	1.159198028403408650e-06
1.068338557993730475e+01	1.248933754245634327e-06
1.063322884012539227e+01	9.479608014743593816e-07
1.058307210031348156e+01	1.013792672864673711e-06
1.053291536050156729e+01	3.560892183127756275e-07
1.048275862068965658e+01	3.433764373535115703e-07
1.043260188087774587e+01	5.413684439647438451e-08
1.038244514106583161e+01	-9.585341538749997762e-07
1.033228840125391912e+01	-1.829889803041008263e-06
1.028213166144200841e+01	-2.725953944210029907e-06
1.023197492163009592e+01	-3.120898926993363999e-06
1.018181818181818343e+01	-2.796461892172998508e-06
1.013166144200627095e+01	-1.579466938379628736e-06
1.008150470219436023e+01	-4.431863097380781378e-07
1.003134796238244597e+01	1.863946403900938269e-06
9.981191222570533483e+00	2.035192828030678517e-06
9.931034482758620996e+00	2.394393510824825294e-06
9.880877742946710285e+00	1.812673970716757844e-06
9.830721003134797797e+00	9.365131794268481757e-07
9.780564263322885310e+00	8.077347726549683784e-07
9.730407523510972823e+00	1.176967400721293476e-06
9.680250783699060335e+00	2.197091670819378763e-06
9.630094043887149624e+00	2.756601737472567995e-06
9.579937304075237137e+00	2.469298479461496482e-06
9.529780564263324649e+00	1.714122047860291197e-06
9.479623824451412162e+00	8.621053065849688424e-07
9.429467084639499674e+00	-4.290634788395025817e-07
9.379310344827587187e+00	-1.399119986177927052e-06
9.329153605015674700e+00	-2.413728198588495069e-06
9.278996865203762212e+00	-1.663964255724282953e-06
9.228840125391849725e+00	-1.903836099490482757e-06
9.178683385579939014e+00	-9.310741390573777648e-07
9.128526645768026526e+00	-7.111176021968362304e-07
9.078369905956115815e+00	-6.023392565481918158e-07
9.028213166144201551e+00	-4.702239601768216776e-07
8.978056426332289064e+00	-6.536514292617756139e-07
8.927899686520376576e+00	-5.638116069531485665e-07
8.877742946708464089e+00	8.031763321228932359e-08
8.827586206896551602e+00	3.339453326652749798e-07
8.777429467084640891e+00	4.444959558221275656e-07
8.727272727272728403e+00	1.188046465009383632e-06
8.677115987460814139e+00	7.501544804518428196e-07
8.626959247648905205e+00	2.803532363311508444e-07
8.576802507836990941e+00	2.448268003991788232e-07
8.526645768025078453e+00	-2.919482111469802135e-07
8.476489028213167742e+00	-1.144995366768775329e-06
8.426332288401255255e+00	-6.191814317928766443e-07
8.376175548589342768e+00	-7.376477823618732725e-07
8.326018808777430280e+00	-7.659671205431833869e-07
8.275862068965517793e+00	-5.139857981424203474e-07
8.225705329153605305e+00	6.634707856355092194e-08
8.175548589341692818e+00	8.327093084986326005e-07
8.125391849529780330e+00	9.148389587485331636e-07
8.075235109717869619e+00	5.793633025239830332e-07
8.025078369905957132e+00	-1.111314181374667623e-07
7.974921630094043756e+00	-1.900650255270449826e-07
7.924764890282132157e+00	-6.513391513341106093e-07
7.874608150470220558e+00	-5.831297658860045649e-07
7.824451410658307182e+00	-5.113934092840503880e-07
7.774294670846395583e+00	-3.429461602364776003e-07
7.724137931034483096e+00	3.916214569193950743e-07
7.673981191222571496e+00	1.281780937038151785e-06
7.623824451410658121e+00	1.504587642182307137e-06
7.573667711598746521e+00	5.564360557990870788e-07
7.523510971786834922e+00	6.055535866255846049e-07
7.473354231974921547e+00	-3.140254539553489629e-07
7.423197492163009947e+00	-9.335803669891655821e-07
7.373040752351097460e+00	-1.322015628011276283e-06
7.322884012539185861e+00	-7.827853817347760515e-07
7.272727272727273373e+00	-1.140686265407911569e-07
7.222570532915361774e+00	1.670101199599068831e-07
7.172413793103449287e+00	5.622696780445786176e-07
7.122257053291535911e+00	9.652380014789718076e-08
7.072100313479624312e+00	5.461371874931299082e-08
7.021943573667711824e+00	-6.397077779227659893e-07
6.971786833855799337e+00	-6.814814085478240219e-07
6.921630094043887738e+00	4.068431033898320267e-08
6.871473354231976138e+00	-1.743883086933535016e-07
6.821316614420062763e+00	-3.012346006462838776e-07
6.771159874608151163e+00	-9.086460981907815789e-08
6.721003134796238676e+00	6.618184300700134162e-07
6.670846394984326189e+00	9.566180403709871791e-07
6.620689655172413701e+00	1.290249676928052858e-06
6.570532915360502102e+00	1.076553170980271812e-06
6.520376175548590503e+00	6.990522590573184465e-07
6.470219435736677127e+00	1.207652647611099925e-07
6.420062695924765528e+00	-5.421676305184503076e-07
6.369905956112853040e+00	-1.275898607493347206e-06
6.319749216300940553e+00	-1.881939970466562343e-06
6.269592476489028066e+00	-1.981554661976626420e-06
6.219435736677116466e+00	-8.083322723050220922e-07
6.169278996865204867e+00	1.928344838814726152e-07
6.119122257053292380e+00	1.144664965991126478e-06
6.068965517241379892e+00	1.908939639762159776e-06
6.018808777429467405e+00	1.695621362698211908e-06
5.968652037617554917e+00	1.272833036893278085e-06
5.918495297805642430e+00	1.250584878940750081e-06
5.868338557993730831e+00	3.900081375287999175e-07
5.818181818181818343e+00	9.537715646985127136e-08
5.768025078369906744e+00	-5.175182202936645688e-07
5.717868338557995145e+00	-4.035878029126562924e-07
5.667711598746081769e+00	-4.431055998088920317e-07
5.617554858934170170e+00	-7.065676019187937237e-07
5.567398119122257683e+00	-1.289983633087402111e-06
5.517241379310345195e+00	-7.963657504731350998e-07
5.467084639498432708e+00	-5.388720629959941956e-07
5.416927899686521108e+00	-3.332845311099773308e-08
5.366771159874608621e+00	6.862612299096275870e-07
5.316614420062696134e+00	7.934318830036987080e-07
5.266457680250784534e+00	8.173561347361885349e-07
5.216300940438872047e+00	4.419325803369943635e-07
5.166144200626960448e+00	-9.097714653951205877e-08
5.115987460815047960e+00	-7.467316057643959521e-07
5.065830721003136361e+00	-1.048106525633970730e-06
5.015673981191222097e+00	-1.029499106426104993e-06
4.965517241379310498e+00	-1.546228162967726724e-07
4.915360501567398011e+00	6.092316031588902003e-08
4.865203761755486411e+00	3.705271520285660425e-07
4.815047021943574812e+00	-3.772688049370582479e-08
4.764890282131662325e+00	-1.832380908850987650e-07
4.714733542319749837e+00	8.598508795652668276e-11
4.664576802507837350e+00	3.103535917739421297e-07
4.614420062695925751e+00	6.223940034840127501e-07
4.564263322884013263e+00	1.147098396731883582e-06
4.514106583072099887e+00	1.770782352373869742e-06
4.463949843260189176e+00	1.605056206058663228e-06
4.413793103448276689e+00	1.013925606865686383e-06
4.363636363636364202e+00	-2.211726367957302737e-07
4.313479623824452602e+00	-1.490676169311796459e-06
4.263322884012540115e+00	-1.820641922200727975e-06
4.213166144200627627e+00	-2.535711497509676470e-06
4.163009404388715140e+00	-2.234760700405236582e-06
4.112852664576803541e+00	-1.321587460957750545e-06
4.062695924764891053e+00	1.747345349473133231e-07
4.012539184952978566e+00	1.289558103613261451e-06
3.962382445141065190e+00	2.543950943831693331e-06
3.912225705329154479e+00	2.541138229175349145e-06
3.862068965517241992e+00	2.161136891995255705e-06
3.811912225705329504e+00	1.057942762515769343e-06
3.761755485893417905e+00	-1.663813210344825649e-07
3.711598746081505418e+00	-1.234847497781200113e-06
3.661442006269592930e+00	-1.956462841769635331e-06
3.611285266457680443e+00	-2.213397714094371990e-06
3.561128526645768844e+00	-1.911654763981253114e-06
3.510971786833856356e+00	-1.736460586866417277e-06
3.460815047021943869e+00	-9.348119407234139288e-07
3.410658307210033158e+00	-4.563443140975588204e-07
3.360501567398119782e+00	7.001978477036101607e-07
3.310344827586207295e+00	1.103336382927659244e-07
3.260188087774294807e+00	7.563162175728493622e-07
3.210031347962383208e+00	9.422954567936415965e-07
3.159874608150471165e+00	5.108662450842679251e-07
3.109717868338558233e+00	7.660791297477400975e-07
3.059561128526645746e+00	1.216036281606173290e-06
3.009404388714734591e+00	1.457370575222136827e-06
2.959247648902821659e+00	8.618867391732510866e-07
2.909090909090909172e+00	3.634164138447756235e-07
2.858934169278998016e+00	-7.543132397877518438e-07
2.808777429467085529e+00	-9.542294484797780943e-07
2.758620689655172598e+00	-1.269088729198091928e-06
2.708463949843260110e+00	-6.497877271397541469e-07
2.658307210031348955e+00	-1.395365655681077218e-07
2.608150470219436468e+00	4.304200738366079426e-07
2.557993730407523536e+00	5.731477587835190159e-07
2.507836990595612825e+00	2.808318690702462531e-07
2.457680250783699893e+00	-2.974305078183672579e-07
2.407523510971786962e+00	-1.594859675832850559e-06
2.357366771159874475e+00	-1.859571363055445442e-06
2.307210031347963763e+00	-2.006751633681773630e-06
2.257053291536050832e+00	-5.017363519618176010e-07
2.206896551724138344e+00	1.849493523901965305e-06
2.156739811912225413e+00	2.854933510369685183e-06
2.106583072100314702e+00	4.301602195155810917e-06
2.056426332288401770e+00	4.066319387842554319e-06
2.006269592476489283e+00	3.692787857055654647e-06
1.956112852664578128e+00	1.645014830389473514e-06
1.905956112852665196e+00	-1.397572430433335240e-07
1.855799373040752709e+00	-2.697956390713710630e-06
1.805642633228839999e+00	-4.293648838277771945e-06
1.755485893416929066e+00	-4.516622765954947041e-06
1.705329153605016357e+00	-3.913555185819197389e-06
1.655172413793103647e+00	-2.576953567969310067e-06
1.605015673981192492e+00	-6.977517565818041956e-07
1.554858934169280005e+00	1.166375761103582410e-06
1.504702194357367295e+00	2.727051880588763332e-06
1.454545454545454586e+00	3.139313099551609808e-06
1.404388714733543431e+00	2.997554461270810602e-06
1.354231974921630721e+00	2.288458475753393051e-06
1.304075235109718234e+00	7.419324421537678114e-07
1.253918495297805524e+00	-8.177457931306908435e-07
1.203761755485894369e+00	-1.273940468557797707e-06
1.153605015673981660e+00	-1.191297545359543273e-06
1.103448275862069172e+00	-8.976171479110094920e-07
1.053291536050158017e+00	1.669139362316610637e-07
1.003134796238245308e+00	4.903580103328235302e-07
9.529780564263327092e-01	1.209223062377030049e-06
9.028213166144201107e-01	3.555224904222156191e-07
8.526645768025089556e-01	1.894117850326514160e-07
8.025078369905962461e-01	-5.305962180784618187e-07
7.523510971786835366e-01	-1.316671892176923509e-06
7.021943573667724925e-01	-1.390547325660250011e-06
6.520376175548597830e-01	-1.061529342963722375e-06
6.018808777429471846e-01	-6.844184411125227613e-07
5.517241379310345861e-01	-1.205834827898841696e-06
5.015673981191234310e-01	-1.298178416398496993e-06
4.514106583072107215e-01	-2.530504036610224119e-06
4.012539184952981230e-01	-4.433452326879658173e-06
3.510971786833855246e-01	-5.006072745624769746e-06
3.009404388714741474e-01	-5.447502779169576801e-06
2.507836990595615489e-01	-3.444490881378721634e-06
2.006269592476490615e-01	-5.318685863738673363e-07
1.504702194357379064e-01	3.726273158220757586e-06
1.003134796238254189e-01	6.610937990935946470e-06
5.015673981191248743e-02	8.803915389591712997e-06
0.000000000000000000e+00	9.925305300056354616e-06
-5.015673981191115516e-02	8.759042779027706213e-06
-1.003134796238236426e-01	6.648147730031533403e-06
-1.504702194357365741e-01	4.476966759898927998e-06
-2.006269592476475072e-01	1.499346947782601618e-06
-2.507836990595604387e-01	-4.021341449941767174e-07
-3.009404388714729262e-01	-2.673972178009864355e-06
-3.510971786833854136e-01	-3.128301381457154277e-06
-4.012539184952965687e-01	-3.331887166428453461e-06
-4.514106583072092782e-01	-2.878726234810168108e-06
-5.015673981191219877e-01	-2.442654180028393968e-06
-5.517241379310346971e-01	-2.006498250222171639e-06
-6.018808777429458523e-01	-1.390600780602456149e-06
-6.520376175548581177e-01	-8.723718205838013191e-07
-7.021943573667708272e-01	-1.214181887459773719e-06
-7.523510971786822044e-01	-3.581083732514355325e-07
-8.025078369905946918e-01	-7.838604590921711905e-08
-8.526645768025076233e-01	-4.181996410292421125e-07
-9.028213166144201107e-01	-8.808600785611526896e-08
-9.529780564263312659e-01	-5.689464465001959257e-07
-1.003134796238244197e+00	2.669042190461731880e-07
-1.053291536050156685e+00	2.568856375095466140e-07
-1.103448275862067840e+00	2.561798212660753305e-07
-1.153605015673980327e+00	2.748303209372322444e-07
-1.203761755485892815e+00	-3.100743600363655166e-07
-1.253918495297805746e+00	1.771178516797521991e-07
-1.304075235109716902e+00	-1.174058678175328873e-07
-1.354231974921629389e+00	-4.224510673208834835e-07
-1.404388714733541876e+00	-2.760655872826198378e-07
-1.454545454545454808e+00	2.123974101812724070e-07
-1.504702194357366407e+00	-1.666190548563991484e-07
-1.554858934169278450e+00	-3.768960270506211316e-08
-1.605015673981191382e+00	-2.227653830671210972e-07
-1.655172413793102093e+00	-4.967376115110450493e-07
-1.705329153605015025e+00	3.182457568102453449e-07
-1.755485893416927512e+00	1.152762862219473132e-08
-1.805642633228839999e+00	-4.127099591355767334e-07
-1.855799373040751599e+00	-1.833071954649902053e-07
-1.905956112852663642e+00	1.975659496212147682e-07
-1.956112852664576574e+00	-1.747588006776569296e-07
-2.006269592476489727e+00	8.223198833004511824e-08
-2.056426332288400438e+00	-2.878056289646334700e-07
-2.106583072100312037e+00	-7.850948462444302570e-08
-2.156739811912225413e+00	-1.909466803961942345e-07
-2.206896551724137012e+00	1.650614763101439238e-07
-2.257053291536051276e+00	9.736360542413500026e-09
-2.307210031347961987e+00	1.322288881235579961e-07
-2.357366771159872698e+00	2.938458615952966297e-07
-2.407523510971786962e+00	8.853633057647648785e-08
-2.457680250783698561e+00	8.519908929973477062e-08
-2.507836990595610160e+00	4.852970230085610334e-09
-2.557993730407524424e+00	6.332353339501865079e-08
-2.608150470219435135e+00	8.874610605691027108e-08
-2.658307210031346735e+00	2.840672997827225245e-09
-2.708463949843260110e+00	-7.830533598003093354e-08
-2.758620689655170821e+00	1.822934857879568616e-07
-2.808777429467085973e+00	-4.004256969070898041e-07
-2.858934169278996684e+00	4.886485072139824745e-08
-2.909090909090907395e+00	4.232706511551683727e-07
-2.959247648902822547e+00	-3.405823615914890210e-07
-3.009404388714734147e+00	-1.205444114472585087e-08
-3.059561128526644858e+00	-3.361999355237176476e-08
-3.109717868338558233e+00	-1.901487247128676886e-07
-3.159874608150469832e+00	-1.274675298174505853e-07
-3.210031347962380543e+00	1.599894111524635742e-07
-3.260188087774294807e+00	5.473997088254974962e-08
-3.310344827586206407e+00	-4.311076028630087136e-07
-3.360501567398120670e+00	-1.832706210308492067e-07
-3.410658307210031381e+00	-2.035813890056572635e-07
-3.460815047021942981e+00	-2.338579869293885885e-07
-3.510971786833856356e+00	1.932462979428103780e-07
-3.561128526645767955e+00	-6.669523904239324073e-08
-3.611285266457678667e+00	-7.686345924947177216e-08
-3.661442006269593819e+00	3.534848724278595994e-08
-3.711598746081504530e+00	4.722163876443785666e-07
-3.761755485893415241e+00	-2.880437144638014696e-07
-3.811912225705329504e+00	-2.571372625828917634e-07
-3.862068965517240215e+00	-1.206915883769509638e-07
-3.912225705329151815e+00	1.393556276222851070e-07
-3.962382445141066079e+00	-1.092810682794577483e-07
-4.012539184952976790e+00	3.050747403924645968e-08
-4.062695924764891053e+00	2.140219832439110518e-08
-4.112852664576803541e+00	-1.037155999381250955e-07
-4.163009404388714252e+00	3.675728872785509064e-07
-4.213166144200627627e+00	1.728581609727039928e-08
-4.263322884012538339e+00	-3.845780649292392798e-07
-4.313479623824449938e+00	2.431913253417482387e-07
-4.363636363636364202e+00	3.314816576809012814e-07
-4.413793103448274913e+00	2.385187655416082333e-07
-4.463949843260186512e+00	-9.382045711672441489e-08
-4.514106583072100776e+00	1.891670176657077022e-07
-4.564263322884011487e+00	-1.331035094476800911e-07
-4.614420062695925751e+00	-1.271049505713026559e-07
-4.664576802507837350e+00	1.394523388664079843e-07
-4.714733542319749837e+00	5.381734561361757241e-08
