# distance_x[ps] 	  Amplitude [V]
1.118495297805642608e+01	-4.271743143632614963e-05
1.113479623824451359e+01	-4.615123783529280032e-05
1.108463949843260110e+01	-4.303809972188235317e-05
1.103448275862069039e+01	-3.580896851222984051e-05
1.098432601880877613e+01	-2.260948856859467572e-05
1.093416927899686364e+01	-3.907740554145279089e-06
1.088401253918495115e+01	1.696166321766912684e-05
1.083385579937304044e+01	3.488502498112096100e-05
1.078369905956112795e+01	4.345241332928411902e-05
1.073354231974921724e+01	4.024395133850740226e-05
1.068338557993730475e+01	2.965487140367036999e-05
1.063322884012539049e+01	1.870216774124888796e-05
1.058307210031347800e+01	1.227613180211282906e-05
1.053291536050156552e+01	1.259795605079424664e-05
1.048275862068965480e+01	1.552671294641406029e-05
1.043260188087774054e+01	1.453780847262784050e-05
1.038244514106582983e+01	4.367298670804353641e-06
1.033228840125391912e+01	-1.722394200166684676e-05
1.028213166144200486e+01	-4.623083892610545346e-05
1.023197492163009237e+01	-7.087337913578592799e-05
1.018181818181818166e+01	-7.817310586103698943e-05
1.013166144200626917e+01	-6.167710464624009102e-05
1.008150470219435668e+01	-3.251760493963650416e-05
1.003134796238244419e+01	3.347061863985834903e-06
9.981191222570533483e+00	2.926076640200190091e-05
9.931034482758619220e+00	4.175488429333592427e-05
9.880877742946706732e+00	3.880519486436089947e-05
9.830721003134794245e+00	2.736380172432566253e-05
9.780564263322883534e+00	1.693395984219356885e-05
9.730407523510971046e+00	1.925721748532312850e-05
9.680250783699058559e+00	3.667667041059289755e-05
9.630094043887146071e+00	5.788124089016653492e-05
9.579937304075233584e+00	7.055464155833964554e-05
9.529780564263322873e+00	6.538555480136213054e-05
9.479623824451410385e+00	4.503324002775611483e-05
9.429467084639497898e+00	9.903234035761256684e-06
9.379310344827585411e+00	-2.248435635156485407e-05
9.329153605015672923e+00	-4.980491162093677866e-05
9.278996865203760436e+00	-6.280829984598841024e-05
9.228840125391847948e+00	-5.689177285358501112e-05
9.178683385579937237e+00	-4.036448308957361528e-05
9.128526645768022973e+00	-2.502774584266475162e-05
9.078369905956114039e+00	-1.491969866832496705e-05
9.028213166144201551e+00	-1.162017126001865217e-05
8.978056426332289064e+00	-1.338853846886883473e-05
8.927899686520376576e+00	-1.246657241894432389e-05
8.877742946708462313e+00	-8.131057810601638201e-06
8.827586206896551602e+00	2.059465416080636106e-06
8.777429467084637338e+00	1.425981762823267511e-05
8.727272727272726627e+00	2.505338698273836722e-05
8.677115987460815916e+00	2.941565367959169281e-05
8.626959247648901652e+00	2.547801897653353257e-05
8.576802507836989165e+00	1.405940766467974254e-05
8.526645768025078453e+00	-9.900103229031061171e-07
8.476489028213165966e+00	-1.390612667293551816e-05
8.426332288401251702e+00	-2.334756117707618465e-05
8.376175548589342768e+00	-2.646928935902824774e-05
8.326018808777428504e+00	-2.290090135112646193e-05
8.275862068965517793e+00	-1.260285790416227017e-05
8.225705329153603529e+00	7.478719192519174044e-07
8.175548589341692818e+00	1.365877254396947370e-05
8.125391849529780330e+00	2.188466416968762031e-05
8.075235109717867843e+00	1.882422840916536894e-05
8.025078369905953579e+00	7.565461441597858747e-06
7.974921630094043756e+00	-6.878673047488447532e-06
7.924764890282132157e+00	-1.802022862475842434e-05
7.874608150470218781e+00	-2.371725696408254344e-05
7.824451410658307182e+00	-2.034801288162881044e-05
7.774294670846395583e+00	-9.833791318192645610e-06
7.724137931034482207e+00	7.340574213834681535e-06
7.673981191222570608e+00	2.270602414993049131e-05
7.623824451410658121e+00	3.151586512536892488e-05
7.573667711598746521e+00	2.872050732392655761e-05
7.523510971786833146e+00	1.424474298285330229e-05
7.473354231974921547e+00	-4.779495181152950359e-06
7.423197492163009947e+00	-2.020698379780595208e-05
7.373040752351096572e+00	-2.600869801460468952e-05
7.322884012539184972e+00	-2.362250878237674191e-05
7.272727272727272485e+00	-1.513199198203983686e-05
7.222570532915360886e+00	-5.437899880144051979e-06
7.172413793103448398e+00	3.304909125283814768e-06
7.122257053291536799e+00	6.542706801498256599e-06
7.072100313479624312e+00	3.951208565767370357e-06
7.021943573667710936e+00	-1.046758370890897873e-06
6.971786833855799337e+00	-6.197473859934837756e-06
6.921630094043886849e+00	-7.292505032894475788e-06
6.871473354231974362e+00	-6.199713516510096392e-06
6.821316614420062763e+00	-2.774205469805063615e-06
6.771159874608151163e+00	1.282334828709036999e-06
6.721003134796237788e+00	5.654686222422246388e-06
6.670846394984326189e+00	1.094390962107407770e-05
6.620689655172413701e+00	1.612235380635567542e-05
6.570532915360501214e+00	2.048390571919562033e-05
6.520376175548588726e+00	1.990725226573196259e-05
6.470219435736677127e+00	1.105745424851034885e-05
6.420062695924765528e+00	-6.006171809676148179e-06
6.369905956112852152e+00	-2.575905200499154901e-05
6.319749216300940553e+00	-4.131703662011205103e-05
6.269592476489028066e+00	-4.814556295329791764e-05
6.219435736677115578e+00	-3.861371750299242222e-05
6.169278996865203091e+00	-1.877056580154234868e-05
6.119122257053291492e+00	1.027748843913831747e-05
6.068965517241379892e+00	3.646121692509733285e-05
6.018808777429467405e+00	5.148000962676173764e-05
5.968652037617554917e+00	4.860226967080298805e-05
5.918495297805642430e+00	3.303181756960604608e-05
5.868338557993729943e+00	1.319918769983929375e-05
5.818181818181817455e+00	-1.291585874644579422e-06
5.768025078369905856e+00	-9.414046583159572630e-06
5.717868338557993368e+00	-1.330103905866798227e-05
5.667711598746081769e+00	-1.590390508571032100e-05
5.617554858934170170e+00	-1.944999851426239601e-05
5.567398119122256794e+00	-2.282877850122526895e-05
5.517241379310345195e+00	-2.605732284560203642e-05
5.467084639498432708e+00	-2.244325653455339119e-05
5.416927899686520220e+00	-1.025312740425964442e-05
5.366771159874607733e+00	8.502227301129804758e-06
5.316614420062696134e+00	2.294179508526863242e-05
5.266457680250783646e+00	2.803834401318835642e-05
5.216300940438871159e+00	2.264237144662820391e-05
5.166144200626959559e+00	8.378902353494701869e-06
5.115987460815047072e+00	-8.819738580000594828e-06
5.065830721003134585e+00	-2.464204557562644224e-05
5.015673981191222097e+00	-3.062654615388090388e-05
4.965517241379310498e+00	-2.388577120764650332e-05
4.915360501567397122e+00	-1.110755911322002907e-05
4.865203761755485523e+00	1.009224737046812187e-06
4.815047021943573036e+00	6.369296683079549188e-06
4.764890282131660548e+00	4.839337988952674614e-06
4.714733542319748949e+00	2.434573867662615366e-06
4.664576802507836462e+00	3.491642712208765340e-06
4.614420062695924862e+00	1.120887750517428421e-05
4.564263322884012375e+00	2.238135008464271368e-05
4.514106583072099887e+00	3.624627073403685829e-05
4.463949843260187400e+00	4.322928659784123248e-05
4.413793103448274913e+00	3.573580663188952026e-05
4.363636363636363313e+00	1.217992415981390138e-05
4.313479623824451714e+00	-1.940116056685072533e-05
4.263322884012538339e+00	-4.804182396682257024e-05
4.213166144200627627e+00	-6.356550387278231656e-05
4.163009404388714252e+00	-6.172302929930152909e-05
4.112852664576801764e+00	-4.403867056096642796e-05
4.062695924764889277e+00	-1.420399501893182455e-05
4.012539184952977678e+00	1.905014569959776789e-05
3.962382445141066079e+00	4.750463256941080408e-05
3.912225705329152703e+00	6.231329318990854696e-05
3.862068965517240215e+00	5.923727461037870963e-05
3.811912225705329504e+00	4.141893985133531642e-05
3.761755485893417017e+00	1.245160767270600134e-05
3.711598746081503641e+00	-1.911412651777556881e-05
3.661442006269592930e+00	-4.152748732086845000e-05
3.611285266457679555e+00	-5.433925698613518095e-05
3.561128526645767955e+00	-5.574366619817349523e-05
3.510971786833854580e+00	-4.688800255607652117e-05
3.460815047021943869e+00	-2.945433096785718844e-05
3.410658307210031381e+00	-1.143681975321999171e-05
3.360501567398118006e+00	5.546839118135192183e-06
3.310344827586207295e+00	1.536669153263172053e-05
3.260188087774294807e+00	1.807646445482961845e-05
3.210031347962382320e+00	1.766429080350235767e-05
3.159874608150469832e+00	1.755993638183714293e-05
3.109717868338558233e+00	2.110203563600694464e-05
3.059561128526645746e+00	2.633066592344328400e-05
3.009404388714732814e+00	2.996576341331613942e-05
2.959247648902820327e+00	2.855289935263934472e-05
2.909090909090909172e+00	1.747360330924040904e-05
2.858934169278996684e+00	-1.329190019777562080e-06
2.808777429467083753e+00	-2.064598514825289450e-05
2.758620689655172598e+00	-3.255970404755769169e-05
2.708463949843260110e+00	-2.998962875910902480e-05
2.658307210031347623e+00	-1.476805104157466513e-05
2.608150470219434691e+00	2.494472240468053143e-06
2.557993730407523536e+00	1.244759890371779688e-05
2.507836990595611049e+00	1.170427944648467997e-05
2.457680250783698561e+00	-1.271981626267745322e-06
2.407523510971786962e+00	-2.280723791790246802e-05
2.357366771159874475e+00	-4.217169815015620309e-05
2.307210031347961987e+00	-4.849699192051434501e-05
2.257053291536049500e+00	-3.211838461650843484e-05
2.206896551724137900e+00	7.414559546459056834e-06
2.156739811912225413e+00	5.417902192842264395e-05
2.106583072100312926e+00	9.333504720531817271e-05
2.056426332288400438e+00	1.097589607379390080e-04
2.006269592476488839e+00	1.006374246978513417e-04
1.956112852664576351e+00	6.660121883259774857e-05
1.905956112852663864e+00	1.347053325089283895e-05
1.855799373040752709e+00	-4.085677057714599987e-05
1.805642633228839777e+00	-9.028211940243512405e-05
1.755485893416927290e+00	-1.160993444516369462e-04
1.705329153605014580e+00	-1.170906141307771759e-04
1.655172413793103647e+00	-8.822156835867954548e-05
1.605015673981190938e+00	-4.254237916098223390e-05
1.554858934169278228e+00	4.708537613824124800e-06
1.504702194357367073e+00	3.094510525512211217e-05
1.454545454545454586e+00	7.438071034601630464e-05
1.404388714733541876e+00	8.190933394721187498e-05
1.354231974921629167e+00	7.032891012933460337e-05
1.304075235109718012e+00	4.219734456538857360e-05
1.253918495297805302e+00	6.738091472967936206e-06
1.203761755485892815e+00	-2.464121807905399805e-05
1.153605015673980105e+00	-3.932174245544083524e-05
1.103448275862068950e+00	-3.392310945047416975e-05
1.053291536050156241e+00	-1.489549166808238560e-05
1.003134796238243753e+00	5.594976524462161267e-06
9.529780564263324871e-01	2.006053730176457782e-05
9.028213166144198887e-01	2.263648929292202050e-05
8.526645768025072902e-01	1.395330892384780476e-05
8.025078369905946918e-01	-3.512111559108058016e-06
7.523510971786835366e-01	-2.207573129954239793e-05
7.021943573667708272e-01	-3.111011415568317557e-05
6.520376175548581177e-01	-2.951443102756627865e-05
6.018808777429470735e-01	-1.961006476689428125e-05
5.517241379310343641e-01	-1.439008099219840408e-05
5.015673981191217656e-01	-2.326753315008038488e-05
4.514106583072091672e-01	-4.633125245249196991e-05
4.012539184952980120e-01	-7.621524422300008728e-05
3.510971786833853026e-01	-1.028356153600811965e-04
3.009404388714727041e-01	-1.096582389664416861e-04
2.507836990595601057e-01	-9.335849229679569160e-05
2.006269592476487285e-01	-4.227193970636680670e-05
1.504702194357361300e-01	3.471801363029066443e-05
1.003134796238236426e-01	1.276050076643892332e-04
5.015673981191248743e-02	2.005438277402722062e-04
0.000000000000000000e+00	2.367279349483276593e-04
-5.015673981191293151e-02	2.257288014484731971e-04
-1.003134796238254189e-01	1.879949150164044185e-04
-1.504702194357365741e-01	1.233126384037905397e-04
-2.006269592476490615e-01	6.129804088061210920e-05
-2.507836990595619930e-01	-2.642055357385809347e-06
-3.009404388714729262e-01	-5.421727210466636054e-05
-3.510971786833858577e-01	-8.685775465847424617e-05
-4.012539184952983451e-01	-9.862664846970505819e-05
-4.514106583072108325e-01	-9.405605098256649820e-05
-5.015673981191219877e-01	-8.344345368657679878e-05
-5.517241379310346971e-01	-6.556611188072151335e-05
-6.018808777429474066e-01	-4.942481304499668433e-05
-6.520376175548601161e-01	-3.564883034160005825e-05
-7.021943573667712712e-01	-2.432684780555369723e-05
-7.523510971786835366e-01	-1.580729828973110408e-05
-8.025078369905962461e-01	-8.898978674114729114e-06
-8.526645768025076233e-01	-4.848364313124600731e-06
-9.028213166144201107e-01	-2.184578115023007674e-06
-9.529780564263330422e-01	-3.969815457459358506e-07
-1.003134796238245530e+00	2.859762039030801788e-07
-1.053291536050156685e+00	5.013315714455069687e-07
-1.103448275862069616e+00	3.118529677350979596e-07
-1.153605015673982104e+00	2.627732422131212428e-07
-1.203761755485893259e+00	-9.360399976851487765e-08
-1.253918495297805746e+00	1.438110267197128622e-07
-1.304075235109718234e+00	-6.906779445094061913e-07
-1.354231974921631165e+00	-5.625684278696054745e-07
-1.404388714733542320e+00	-1.260024775560270776e-06
-1.454545454545454808e+00	-1.563415509434617655e-06
-1.504702194357367295e+00	-1.709983861643586373e-06
-1.554858934169280227e+00	-1.573735478375656376e-06
-1.605015673981191826e+00	-1.744902247607964051e-06
-1.655172413793103869e+00	-1.833469349943934350e-06
-1.705329153605016801e+00	-1.671127745495776783e-06
-1.755485893416927512e+00	-1.118491386558964510e-06
-1.805642633228840443e+00	-5.053420988199695939e-07
-1.855799373040752931e+00	-7.935931270234453048e-07
-1.905956112852665418e+00	3.608507524575086272e-08
-1.956112852664577018e+00	-5.675256704047180761e-07
-2.006269592476488839e+00	1.848617847546089094e-07
-2.056426332288402214e+00	6.284757340303359128e-07
-2.106583072100314702e+00	4.517398038455561657e-07
-2.156739811912226301e+00	1.503251444465780415e-07
-2.206896551724137012e+00	-3.043082598231343766e-07
-2.257053291536051276e+00	-1.973758680668569236e-07
-2.307210031347961987e+00	-5.847527564010121153e-07
-2.357366771159876251e+00	-2.961498751075547462e-07
-2.407523510971787850e+00	5.783332398547615419e-08
-2.457680250783698561e+00	-1.748576219852879063e-07
-2.507836990595611937e+00	-3.969381136053919077e-09
-2.557993730407523536e+00	2.138742787983414725e-07
-2.608150470219435135e+00	5.438015230282497182e-07
-2.658307210031349399e+00	1.136997171041188233e-07
-2.708463949843260110e+00	3.229010844250689007e-07
-2.758620689655171709e+00	-1.130336403900507670e-07
-2.808777429467085973e+00	2.617129353002832232e-07
-2.858934169278995796e+00	-4.056716664655655852e-07
-2.909090909090910948e+00	-1.258025138709061062e-07
-2.959247648902821659e+00	2.603577470121833148e-07
-3.009404388714732370e+00	1.766453732925555790e-07
-3.059561128526647522e+00	3.190713191578032750e-07
-3.109717868338559121e+00	1.050210258951581656e-07
-3.159874608150469832e+00	3.192545430057596311e-07
-3.210031347962383208e+00	-4.314042426245273916e-07
-3.260188087774294807e+00	-1.007787432120520508e-07
-3.310344827586205518e+00	-5.156328785491456771e-07
-3.360501567398119782e+00	-4.224464955166158951e-07
-3.410658307210031381e+00	-1.805586619070182160e-07
-3.460815047021945645e+00	1.259285901655171570e-08
-3.510971786833856356e+00	2.717913019696403658e-07
-3.561128526645767955e+00	-4.221182048024750112e-09
-3.611285266457681331e+00	6.564738150425323531e-07
-3.661442006269592930e+00	4.565118883078299007e-07
-3.711598746081503641e+00	5.035770306954144067e-07
-3.761755485893418793e+00	-3.758925160138771865e-07
-3.811912225705329504e+00	7.289070201180483050e-07
-3.862068965517240215e+00	-7.101770413880847648e-09
-3.912225705329154479e+00	-1.164167755480944338e-07
-3.962382445141065190e+00	2.796688724000123152e-07
-4.012539184952976790e+00	2.975782122639367048e-07
-4.062695924764891053e+00	6.482414022655423839e-08
-4.112852664576801764e+00	2.413487123832690284e-07
-4.163009404388716028e+00	7.890427750681515673e-07
-4.213166144200628516e+00	4.187136173320987091e-07
-4.263322884012539227e+00	-2.286790118872960688e-07
-4.313479623824452602e+00	-1.461479220549727570e-07
-4.363636363636363313e+00	-3.196282000853253273e-07
-4.413793103448274913e+00	-1.520033482900483338e-07
-4.463949843260189176e+00	-2.798526237638457292e-07
-4.514106583072099887e+00	-3.329731209039016128e-07
-4.564263322884011487e+00	2.737761683762929871e-07
-4.614420062695925751e+00	1.322021606524549271e-07
-4.664576802507836462e+00	4.276548356091965882e-07
-4.714733542319750725e+00	9.739444751907892795e-07
-4.764890282131662325e+00	8.927003482598029364e-07
-4.815047021943574812e+00	6.809087021439909725e-07
