# distance_x[ps] 	  Amplitude [V]
1.118495297805642608e+01	-8.800147343682059020e-06
1.113479623824451359e+01	-9.178326465184254694e-06
1.108463949843260110e+01	-9.531994385621444174e-06
1.103448275862069039e+01	-7.801047570540409472e-06
1.098432601880877613e+01	-5.009217443606394381e-06
1.093416927899686364e+01	-1.623508359760055515e-06
1.088401253918495115e+01	2.536619528172677084e-06
1.083385579937304044e+01	6.558137344255997802e-06
1.078369905956112795e+01	7.444568693833132807e-06
1.073354231974921724e+01	6.588291734334884606e-06
1.068338557993730475e+01	5.464087350827643493e-06
1.063322884012539049e+01	3.487971025865984175e-06
1.058307210031347800e+01	2.532101882201759139e-06
1.053291536050156552e+01	3.688047951061880070e-06
1.048275862068965480e+01	4.578545041341938404e-06
1.043260188087774054e+01	4.399169421708481322e-06
1.038244514106582983e+01	9.551661408387643933e-07
1.033228840125391912e+01	-5.343079604601722733e-06
1.028213166144200486e+01	-1.298060921028819113e-05
1.023197492163009237e+01	-1.841319964312989655e-05
1.018181818181818166e+01	-1.802817617896181800e-05
1.013166144200626917e+01	-1.254136678508544191e-05
1.008150470219435668e+01	-3.451491017066960742e-06
1.003134796238244419e+01	4.979389058339515408e-06
9.981191222570533483e+00	1.087193201387769387e-05
9.931034482758619220e+00	1.235257061108129009e-05
9.880877742946706732e+00	9.767294952635894703e-06
9.830721003134794245e+00	5.708570210874996050e-06
9.780564263322883534e+00	2.228791858256598525e-06
9.730407523510971046e+00	3.343766296463378897e-06
9.680250783699058559e+00	7.049411297989979509e-06
9.630094043887146071e+00	1.192670809858362776e-05
9.579937304075233584e+00	1.446380379775464073e-05
9.529780564263322873e+00	1.364815945203942760e-05
9.479623824451410385e+00	8.205351212498201784e-06
9.429467084639497898e+00	7.483259345834179230e-07
9.379310344827585411e+00	-6.178647345799376887e-06
9.329153605015672923e+00	-1.169321638351152653e-05
9.278996865203760436e+00	-1.261966543919769934e-05
9.228840125391847948e+00	-1.007253164040260759e-05
9.178683385579937237e+00	-6.627668332814699991e-06
9.128526645768022973e+00	-3.625708234777529532e-06
9.078369905956114039e+00	-1.896658894306186478e-06
9.028213166144201551e+00	-2.649274412163017548e-06
8.978056426332289064e+00	-3.347869666632199167e-06
8.927899686520376576e+00	-2.945040783227968748e-06
8.877742946708462313e+00	-1.876425847003927901e-06
8.827586206896551602e+00	9.231772263781812400e-07
8.777429467084637338e+00	3.041104941208343441e-06
8.727272727272726627e+00	5.772960381373377839e-06
8.677115987460815916e+00	6.719927518774031311e-06
8.626959247648901652e+00	5.730139631732407230e-06
8.576802507836989165e+00	2.680800167683565006e-06
8.526645768025078453e+00	-5.495161025241572836e-07
8.476489028213165966e+00	-3.112561714395470250e-06
8.426332288401251702e+00	-5.282242429373791061e-06
8.376175548589342768e+00	-5.328439808143654325e-06
8.326018808777428504e+00	-4.473520850351517467e-06
8.275862068965517793e+00	-1.865130677044879346e-06
8.225705329153603529e+00	7.231790768865892050e-07
8.175548589341692818e+00	3.497593091301706581e-06
8.125391849529780330e+00	4.737981088339393610e-06
8.075235109717867843e+00	4.072994046234663289e-06
8.025078369905953579e+00	1.456252065724199412e-06
7.974921630094043756e+00	-2.431407189852781607e-06
7.924764890282132157e+00	-4.496424358861946979e-06
7.874608150470218781e+00	-4.952175393436468231e-06
7.824451410658307182e+00	-4.258003359596216056e-06
7.774294670846395583e+00	-1.883691674855566102e-06
7.724137931034482207e+00	1.730839377680744732e-06
7.673981191222570608e+00	5.322422786211580709e-06
7.623824451410658121e+00	6.949990556484038245e-06
7.573667711598746521e+00	5.633151090096842915e-06
7.523510971786833146e+00	2.786418869067402077e-06
7.473354231974921547e+00	-1.560808701808942151e-06
7.423197492163009947e+00	-4.196902426429766425e-06
7.373040752351096572e+00	-5.504700622361853247e-06
7.322884012539184972e+00	-4.870817147237417052e-06
7.272727272727272485e+00	-2.624549391329190190e-06
7.222570532915360886e+00	-4.103644477076585608e-07
7.172413793103448398e+00	1.600176508357474438e-06
7.122257053291536799e+00	1.561656947339212567e-06
7.072100313479624312e+00	7.013858134586904313e-07
7.021943573667710936e+00	-4.893683905475080452e-07
6.971786833855799337e+00	-2.192324861515875289e-06
6.921630094043886849e+00	-2.148047816377040027e-06
6.871473354231974362e+00	-5.636688259890980446e-07
6.821316614420062763e+00	-3.358644354259240444e-07
6.771159874608151163e+00	8.481291251002086173e-07
6.721003134796237788e+00	1.116021029706815045e-06
6.670846394984326189e+00	2.455694020831419549e-06
6.620689655172413701e+00	3.762309702005820601e-06
6.570532915360501214e+00	5.028363984040588769e-06
6.520376175548588726e+00	4.558532143999028650e-06
6.470219435736677127e+00	2.699577095326584122e-06
6.420062695924765528e+00	-1.397291791986753492e-06
6.369905956112852152e+00	-6.167371518089152590e-06
6.319749216300940553e+00	-9.359163479635720546e-06
6.269592476489028066e+00	-1.085399911163792807e-05
6.219435736677115578e+00	-7.861358812438940002e-06
6.169278996865203091e+00	-2.729283624425868005e-06
6.119122257053291492e+00	3.610179398228032901e-06
6.068965517241379892e+00	8.823690728951330802e-06
6.018808777429467405e+00	1.055556333439655920e-05
5.968652037617554917e+00	8.746841864307790680e-06
5.918495297805642430e+00	5.151671875329001882e-06
5.868338557993729943e+00	9.414359575913277722e-07
5.818181818181817455e+00	-1.096538461658949996e-06
5.768025078369905856e+00	-1.736101348554157337e-06
5.717868338557993368e+00	-1.333442676939583182e-06
5.667711598746081769e+00	-1.384323341665753385e-06
5.617554858934170170e+00	-2.149336537664633917e-06
5.567398119122256794e+00	-3.988929467747802505e-06
5.517241379310345195e+00	-5.291257499873673557e-06
5.467084639498432708e+00	-4.470399011391231304e-06
5.416927899686520220e+00	-1.688776668355072077e-06
5.366771159874607733e+00	2.011108914826072738e-06
5.316614420062696134e+00	5.658481874996130451e-06
5.266457680250783646e+00	6.112081172308230410e-06
5.216300940438871159e+00	4.269837826620218666e-06
5.166144200626959559e+00	7.698422521758739838e-07
5.115987460815047072e+00	-3.020307803594910357e-06
5.065830721003134585e+00	-5.960937147381870550e-06
5.015673981191222097e+00	-6.105169307610082417e-06
4.965517241379310498e+00	-3.804331968447587951e-06
4.915360501567397122e+00	-9.708600898577725357e-07
4.865203761755485523e+00	1.400283334525412062e-06
4.815047021943573036e+00	1.761502468903716230e-06
4.764890282131660548e+00	2.914897998498378807e-07
4.714733542319748949e+00	-1.259083511397016995e-06
4.664576802507836462e+00	-4.630068396244961464e-07
4.614420062695924862e+00	1.724884954299412431e-06
4.564263322884012375e+00	4.592256058179175959e-06
4.514106583072099887e+00	9.057677078077464315e-06
4.463949843260187400e+00	1.064478807319256485e-05
4.413793103448274913e+00	8.809076429093986790e-06
4.363636363636363313e+00	3.060509788583659169e-06
4.313479623824451714e+00	-4.668049011875520406e-06
4.263322884012538339e+00	-1.104193367637625953e-05
4.213166144200627627e+00	-1.457348208548950332e-05
4.163009404388714252e+00	-1.304132962866867267e-05
4.112852664576801764e+00	-8.504460099998663547e-06
4.062695924764889277e+00	-3.228336678959839877e-06
4.012539184952977678e+00	4.916687114486268409e-06
3.962382445141066079e+00	1.055331365501963625e-05
3.912225705329152703e+00	1.380699641683919856e-05
3.862068965517240215e+00	1.295693746282217437e-05
3.811912225705329504e+00	8.420576635296250147e-06
3.761755485893417017e+00	2.515738163857543733e-06
3.711598746081503641e+00	-4.338028221496752213e-06
3.661442006269592930e+00	-8.417992862530539365e-06
3.611285266457679555e+00	-1.075780395388142417e-05
3.561128526645767955e+00	-1.162278967299362104e-05
3.510971786833854580e+00	-9.265030205603914590e-06
3.460815047021943869e+00	-5.413056168237892726e-06
3.410658307210031381e+00	-1.643688127958733569e-06
3.360501567398118006e+00	1.556827363646341952e-06
3.310344827586207295e+00	2.660353828128359146e-06
3.260188087774294807e+00	3.222227517587910760e-06
3.210031347962382320e+00	2.478139293883331866e-06
3.159874608150469832e+00	2.644870533782913420e-06
3.109717868338558233e+00	3.411144492727905254e-06
3.059561128526645746e+00	5.678665863321824969e-06
3.009404388714732814e+00	6.628761345711914915e-06
2.959247648902820327e+00	6.139254921843249340e-06
2.909090909090909172e+00	3.202455343323554455e-06
2.858934169278996684e+00	-9.480047611307787943e-07
2.808777429467083753e+00	-5.471938017948286652e-06
2.758620689655172598e+00	-7.577407917826418173e-06
2.708463949843260110e+00	-5.554697346316740192e-06
2.658307210031347623e+00	-9.749135218569004577e-07
2.608150470219434691e+00	2.592355624869692682e-06
2.557993730407523536e+00	5.155278149703030404e-06
2.507836990595611049e+00	3.851469028833074881e-06
2.457680250783698561e+00	-7.816677514299670318e-07
2.407523510971786962e+00	-6.266238719601460082e-06
2.357366771159874475e+00	-1.132902416965026061e-05
2.307210031347961987e+00	-1.229469262408489105e-05
2.257053291536049500e+00	-7.856634204405599470e-06
2.206896551724137900e+00	1.838382105306750270e-06
2.156739811912225413e+00	1.298570114521057266e-05
2.106583072100312926e+00	2.133534483058559272e-05
2.056426332288400438e+00	2.413989776128053194e-05
2.006269592476488839e+00	2.053466030762717982e-05
1.956112852664576351e+00	1.313766528148709579e-05
1.905956112852663864e+00	2.338535909637466260e-06
1.855799373040752709e+00	-9.458962977541371199e-06
1.805642633228839777e+00	-1.899088843442155042e-05
1.755485893416927290e+00	-2.350701252203407263e-05
1.705329153605014580e+00	-2.261579044910034538e-05
1.655172413793103647e+00	-1.696358284794565789e-05
1.605015673981190938e+00	-7.079041161448466705e-06
1.554858934169278228e+00	3.025081822282066602e-06
1.504702194357367073e+00	1.141606868532648511e-05
1.454545454545454586e+00	1.589666932626367595e-05
1.404388714733541876e+00	1.690967090115142352e-05
1.354231974921629167e+00	1.349537520441274290e-05
1.304075235109718012e+00	7.464514420821032069e-06
1.253918495297805302e+00	-4.387277455453881938e-07
1.203761755485892815e+00	-6.843607836271629966e-06
1.153605015673980105e+00	-8.565520238603956007e-06
1.103448275862068950e+00	-6.570918174763400428e-06
1.053291536050156241e+00	-1.771276283073398931e-06
1.003134796238243753e+00	3.162575143019797010e-06
9.529780564263324871e-01	6.335058792596545971e-06
9.028213166144198887e-01	5.430304706546519467e-06
8.526645768025072902e-01	2.289725568890028201e-06
8.025078369905946918e-01	-1.954580665120378575e-06
7.523510971786835366e-01	-6.225364679385370371e-06
7.021943573667708272e-01	-7.497191040146642244e-06
6.520376175548581177e-01	-4.905662560172138295e-06
6.018808777429470735e-01	-2.078688270478375104e-06
5.517241379310343641e-01	-5.473761464496566690e-07
5.015673981191217656e-01	-3.970331192148471734e-06
4.514106583072091672e-01	-1.025683847845457698e-05
4.012539184952980120e-01	-1.881264099541044235e-05
3.510971786833853026e-01	-2.584698749498408858e-05
3.009404388714727041e-01	-2.917828296443713702e-05
2.507836990595601057e-01	-2.506838285241343216e-05
2.006269592476487285e-01	-1.317207971395027954e-05
1.504702194357361300e-01	4.355548430482051298e-06
1.003134796238236426e-01	2.600966565456179323e-05
5.015673981191248743e-02	4.184731650450292551e-05
0.000000000000000000e+00	4.835075238653540139e-05
-5.015673981191293151e-02	4.619072275036602867e-05
-1.003134796238254189e-01	3.810650940467675640e-05
-1.504702194357365741e-01	2.423750507903985960e-05
-2.006269592476490615e-01	1.229455124982984545e-05
-2.507836990595619930e-01	3.615372264521554940e-07
-3.009404388714729262e-01	-9.189939727217153517e-06
-3.510971786833858577e-01	-1.540202982123421959e-05
-4.012539184952983451e-01	-1.729326919325838448e-05
-4.514106583072108325e-01	-1.639134435069551678e-05
-5.015673981191219877e-01	-1.400145019862453993e-05
-5.517241379310346971e-01	-1.049983708466258315e-05
-6.018808777429474066e-01	-8.479974219695757829e-06
-6.520376175548601161e-01	-5.944782501163585963e-06
-7.021943573667712712e-01	-3.968985850823410628e-06
-7.523510971786835366e-01	-2.711527791682160435e-06
-8.025078369905962461e-01	-1.499660116374934019e-06
-8.526645768025076233e-01	-7.767843611176391537e-07
-9.028213166144201107e-01	-1.971850831579963792e-07
-9.529780564263330422e-01	-1.674790815745899512e-07
-1.003134796238245530e+00	1.709490810137185526e-07
-1.053291536050156685e+00	1.355357093180574108e-07
-1.103448275862069616e+00	4.842771589796286992e-09
-1.153605015673982104e+00	-1.174361120611494950e-07
-1.203761755485893259e+00	4.070541097406456206e-07
-1.253918495297805746e+00	5.323593519781344953e-07
-1.304075235109718234e+00	-6.400350136051533926e-09
-1.354231974921631165e+00	2.309868938493191269e-07
-1.404388714733542320e+00	9.489184186298014829e-08
-1.454545454545454808e+00	-3.311099348262180957e-07
-1.504702194357367295e+00	-5.529992898602117248e-07
-1.554858934169280227e+00	-3.138969159199783702e-07
-1.605015673981191826e+00	-3.329604605228528045e-07
-1.655172413793103869e+00	-4.549117568141606101e-07
-1.705329153605016801e+00	-1.840012305205410486e-07
-1.755485893416927512e+00	-4.120364971992301173e-07
-1.805642633228840443e+00	-2.113035180909299093e-07
-1.855799373040752931e+00	-1.753599929388497842e-07
-1.905956112852665418e+00	1.201665342406766004e-07
-1.956112852664577018e+00	-1.200569867768792729e-07
-2.006269592476488839e+00	1.765834780963169375e-07
-2.056426332288402214e+00	1.979397825394059806e-08
-2.106583072100314702e+00	9.868380182572504420e-08
-2.156739811912226301e+00	-1.534390706687087594e-07
-2.206896551724137012e+00	1.326843101640638349e-07
-2.257053291536051276e+00	-8.943891024208139640e-08
-2.307210031347961987e+00	-3.552246197903171568e-07
-2.357366771159876251e+00	-2.594428586427809016e-08
-2.407523510971787850e+00	-3.582887836813811159e-08
-2.457680250783698561e+00	-4.073778286505186514e-07
-2.507836990595611937e+00	-1.436390565437998849e-08
-2.557993730407523536e+00	8.215250927123870371e-08
-2.608150470219435135e+00	1.130392672260724845e-07
-2.658307210031349399e+00	8.881995827969500778e-08
-2.708463949843260110e+00	7.983706624831152346e-08
-2.758620689655171709e+00	-9.576523231672248560e-08
-2.808777429467085973e+00	1.485502293589849247e-08
-2.858934169278995796e+00	4.769851311727643915e-08
-2.909090909090910948e+00	6.634145172752921764e-08
-2.959247648902821659e+00	2.673608719570588375e-07
-3.009404388714732370e+00	1.689726548610984349e-07
-3.059561128526647522e+00	-2.343781175841439474e-07
-3.109717868338559121e+00	1.459868538738517756e-07
-3.159874608150469832e+00	4.455311178114934253e-08
-3.210031347962383208e+00	2.772310456936132383e-07
-3.260188087774294807e+00	7.684482035514992296e-08
-3.310344827586205518e+00	-4.039294573623484991e-07
-3.360501567398119782e+00	-9.532493239802493082e-08
-3.410658307210031381e+00	-2.075542869142248007e-07
-3.460815047021945645e+00	-2.922209368554067144e-08
-3.510971786833856356e+00	3.597398040204755335e-07
-3.561128526645767955e+00	-3.506396276257647989e-07
-3.611285266457681331e+00	-1.507605208837566778e-08
-3.661442006269592930e+00	-3.698941329761252078e-09
-3.711598746081503641e+00	3.415461330988298316e-07
-3.761755485893418793e+00	2.254456912383300144e-07
-3.811912225705329504e+00	3.412341953768771615e-07
-3.862068965517240215e+00	2.524131820654280775e-07
-3.912225705329154479e+00	-6.669049139949994426e-08
-3.962382445141065190e+00	2.464035453556329549e-07
-4.012539184952976790e+00	2.050647636518764544e-07
-4.062695924764891053e+00	2.831997120036254158e-07
-4.112852664576801764e+00	3.416147101628442403e-07
-4.163009404388716028e+00	1.359654589192142832e-08
-4.213166144200628516e+00	1.126529497654580330e-07
-4.263322884012539227e+00	-1.823406105396385161e-07
-4.313479623824452602e+00	-1.601925047651215504e-08
-4.363636363636363313e+00	-2.036211285350613509e-09
-4.413793103448274913e+00	-4.944916247452604871e-08
-4.463949843260189176e+00	4.776125233891833631e-07
-4.514106583072099887e+00	-9.566780013423434160e-07
-4.564263322884011487e+00	-1.657403892438864434e-07
-4.614420062695925751e+00	1.145662498514597515e-07
-4.664576802507836462e+00	1.395302353775832912e-07
-4.714733542319750725e+00	-4.170048175677604195e-08
-4.764890282131662325e+00	1.744883608713642096e-07
-4.815047021943574812e+00	2.429848907952023391e-07
