# distance_x[ps] 	  Amplitude [V]
-6.900000000000000000e+01	9.920059154659250626e-08
-6.870000000000000284e+01	1.064586824987010488e-07
-6.840000000000000568e+01	-2.598731357598149180e-07
-6.809999999999999432e+01	3.289573183706687258e-07
-6.780000000000001137e+01	1.647562204559669944e-07
-6.750000000000001421e+01	2.517536113805101069e-07
-6.720000000000000284e+01	2.176168281072708668e-07
-6.689999999999999147e+01	9.295199014450105562e-08
-6.659999999999999432e+01	7.346309190611168215e-08
-6.629999999999999716e+01	4.691924907985949058e-07
-6.600000000000000000e+01	-5.345072207907905952e-08
-6.570000000000000284e+01	-6.257303655676261389e-07
-6.540000000000000568e+01	6.750884436340510212e-08
-6.510000000000000853e+01	6.481207769683271838e-07
-6.480000000000001137e+01	-1.455203539999281700e-07
-6.450000000000001421e+01	-8.014443216599656542e-08
-6.420000000000001705e+01	2.285930267993395421e-07
-6.389999999999999858e+01	6.459894369864847940e-07
-6.359999999999999432e+01	-1.545276876002809424e-07
-6.329999999999999716e+01	2.900700787861141469e-07
-6.300000000000000000e+01	4.666772950968975800e-07
-6.270000000000000284e+01	1.448896208496213943e-07
-6.240000000000000568e+01	-4.276553631250736461e-08
-6.210000000000000142e+01	2.465338417772602839e-07
-6.179999999999999716e+01	1.581898786572754878e-07
-6.150000000000000000e+01	1.181688316143495224e-08
-6.120000000000000284e+01	4.226886253041744252e-07
-6.090000000000000568e+01	8.765379651419888104e-08
-6.060000000000000142e+01	-8.129723019594118413e-08
-6.029999999999999716e+01	4.228887296601959471e-07
-6.000000000000000000e+01	5.017924444834087905e-08
-5.970000000000000284e+01	8.617007019072836666e-08
-5.940000000000000568e+01	-4.230506770344452702e-07
-5.910000000000000142e+01	3.567046535026484112e-07
-5.879999999999999716e+01	1.066760190400389542e-08
-5.850000000000000711e+01	2.353807494277595772e-07
-5.820000000000000284e+01	-5.007690636819633709e-08
-5.790000000000000568e+01	-1.326465048595431315e-07
-5.760000000000000142e+01	-6.313239680890672999e-08
-5.729999999999999716e+01	1.812658848594949520e-07
-5.700000000000000000e+01	1.494696895326548271e-07
-5.670000000000000284e+01	-2.177007031317192412e-07
-5.640000000000000568e+01	5.909443860883838231e-08
-5.610000000000000142e+01	2.655914078668616773e-07
-5.579999999999999716e+01	3.754101906636425840e-07
-5.550000000000000000e+01	2.229844779947158315e-07
-5.520000000000000995e+01	2.725387919673972678e-07
-5.490000000000000568e+01	-3.611180271685391186e-08
-5.460000000000000142e+01	-3.229592870101683220e-08
-5.429999999999999716e+01	-2.056729894580964394e-07
-5.400000000000000000e+01	4.848248962986155316e-07
-5.370000000000000284e+01	1.094649954819168968e-07
-5.340000000000000568e+01	8.747391360013034239e-08
-5.310000000000000142e+01	-5.252264581275086619e-08
-5.279999999999999716e+01	-1.018079266881450813e-07
-5.250000000000000000e+01	-2.956638571461808969e-07
-5.220000000000000995e+01	-1.768250803679984163e-08
-5.190000000000000568e+01	8.175652068621196448e-08
-5.160000000000000142e+01	-4.380104997912477937e-08
-5.129999999999999716e+01	-1.847386977166343262e-07
-5.100000000000000000e+01	-4.787980274035040388e-08
-5.070000000000000284e+01	7.833681109402729900e-08
-5.040000000000000568e+01	3.106903227421153583e-07
-5.010000000000000142e+01	1.539572670985816475e-08
-4.979999999999999716e+01	-1.110067485518610979e-07
-4.950000000000000000e+01	-8.186096882986465879e-08
-4.920000000000000284e+01	2.637227707917823625e-08
-4.890000000000000568e+01	5.559674458616554004e-07
-4.860000000000000142e+01	-3.259116175353009741e-08
-4.829999999999999716e+01	2.130128453711452172e-07
-4.800000000000000000e+01	2.275190044736986778e-07
-4.770000000000000284e+01	6.347876373376713649e-07
-4.740000000000000568e+01	1.831155313630012398e-07
-4.710000000000000142e+01	1.374396899568982047e-07
-4.679999999999999716e+01	9.460979670739270954e-08
-4.650000000000000000e+01	1.147798937816584630e-07
-4.620000000000000284e+01	-1.676737349332154636e-07
-4.590000000000000568e+01	-5.034963207662278176e-09
-4.560000000000000853e+01	8.600284765770864947e-08
-4.529999999999999716e+01	1.426865387085024069e-07
-4.500000000000000000e+01	1.400765659875646149e-08
-4.470000000000000284e+01	3.678048184258201437e-07
-4.440000000000000568e+01	7.153343882792190869e-08
-4.410000000000000142e+01	1.934217848912369833e-07
-4.379999999999999716e+01	-3.263353886231848849e-08
-4.350000000000000000e+01	-1.725768191716193068e-08
-4.320000000000000284e+01	6.411252130843558230e-08
-4.290000000000000568e+01	2.089965153220353252e-08
-4.260000000000000853e+01	2.591198430874105905e-07
-4.229999999999999716e+01	4.078467902652017724e-07
-4.200000000000000000e+01	3.336887841104108523e-07
-4.170000000000000284e+01	4.783248456618045866e-07
-4.140000000000000568e+01	4.027683949169970187e-07
-4.110000000000000853e+01	2.435331556300661666e-07
-4.079999999999999716e+01	-4.281143019380930766e-09
-4.050000000000000000e+01	-3.992556666918287888e-08
-4.020000000000000284e+01	1.528380542461415466e-07
-3.990000000000000568e+01	1.421834644004378292e-07
-3.960000000000000853e+01	-2.767629632720585119e-07
-3.929999999999999716e+01	1.180839015581470521e-07
-3.900000000000000000e+01	-1.209069906934064778e-07
-3.870000000000000284e+01	1.777419029622832341e-07
-3.840000000000000568e+01	-1.001517026728845218e-07
-3.810000000000000853e+01	-1.483814242783340072e-07
-3.779999999999999716e+01	-4.054346359981517810e-08
-3.750000000000000000e+01	2.357123810757882124e-07
-3.720000000000000284e+01	-1.692093336512609554e-07
-3.690000000000000568e+01	1.550597752815823568e-07
-3.660000000000000853e+01	-1.521642406325436469e-07
-3.630000000000000426e+01	5.933322746250903536e-08
-3.600000000000000000e+01	-1.532224374818735406e-07
-3.570000000000000284e+01	-1.846702964912456387e-07
-3.539999999999999858e+01	4.345204547487920096e-07
-3.510000000000000853e+01	-4.171565663017205425e-07
-3.480000000000000426e+01	1.643018534472151657e-08
-3.450000000000000000e+01	3.851405726927830893e-07
-3.420000000000000284e+01	-3.096359943425503797e-08
-3.389999999999999858e+01	3.174495595131755617e-07
-3.360000000000000853e+01	5.369232435076059121e-09
-3.330000000000000426e+01	1.900069987805712826e-07
-3.300000000000000711e+01	1.668344571728546359e-07
-3.270000000000000284e+01	1.210487166257028838e-07
-3.239999999999999858e+01	3.925053976906780674e-07
-3.210000000000000853e+01	2.590032620785861459e-08
-3.180000000000000426e+01	3.284788614701990648e-08
-3.150000000000000711e+01	-4.442387039127603677e-09
-3.120000000000000284e+01	-2.996026423613668186e-08
-3.089999999999999858e+01	4.917012415943773566e-07
-3.060000000000000853e+01	-2.083511875657976013e-09
-3.030000000000000426e+01	1.213701496334421733e-07
-3.000000000000000711e+01	4.665355691646011211e-07
-2.970000000000000284e+01	3.118585945711196109e-08
-2.939999999999999858e+01	3.236491019387029136e-07
-2.910000000000000142e+01	9.324265139274669270e-08
-2.880000000000000426e+01	-4.845760846432813269e-09
-2.850000000000000711e+01	6.549285452000745207e-08
-2.820000000000000284e+01	-1.942522707203139179e-07
-2.789999999999999858e+01	1.738080412286162904e-07
-2.760000000000000142e+01	-1.857571550365609795e-07
-2.730000000000000426e+01	7.363488624339902748e-08
-2.700000000000000711e+01	3.016916052344209034e-08
-2.670000000000000284e+01	4.656556726817087114e-07
-2.639999999999999858e+01	-1.833258343593120280e-08
-2.610000000000000142e+01	-2.607229638377164479e-08
-2.580000000000000426e+01	-3.194513064278934282e-08
-2.550000000000000711e+01	-6.225179697151156750e-08
-2.520000000000000284e+01	2.492881780098796723e-07
-2.489999999999999858e+01	-2.730474931114835630e-08
-2.460000000000000142e+01	-5.205051910280558281e-08
-2.430000000000000426e+01	3.199418961935347469e-08
-2.400000000000000711e+01	4.762699954821322099e-07
-2.370000000000000639e+01	-9.701104897965073490e-08
-2.340000000000000568e+01	-7.752408496614380575e-08
-2.310000000000000142e+01	1.276402033478663120e-07
-2.280000000000000426e+01	-1.378082477163191685e-08
-2.250000000000000711e+01	-2.500131606635497570e-07
-2.220000000000000284e+01	1.130524551229983110e-07
-2.190000000000000568e+01	4.193842658504344730e-07
-2.160000000000000142e+01	1.974650182500755729e-08
-2.130000000000000426e+01	-2.074649608923803970e-08
-2.100000000000000355e+01	-1.666317152374479301e-07
-2.070000000000000284e+01	1.723851550696303149e-07
-2.040000000000000568e+01	-1.116575273054951754e-07
-2.010000000000000142e+01	2.523393298426433541e-07
-1.980000000000000426e+01	-2.863586529139297152e-07
-1.950000000000000355e+01	2.727216641381023401e-07
-1.920000000000000284e+01	2.566913358281724647e-07
-1.890000000000000568e+01	3.916244461760315947e-07
-1.860000000000000142e+01	2.991655075379315189e-07
-1.830000000000000426e+01	-7.890529737084407012e-08
-1.800000000000000355e+01	1.674854117651143818e-07
-1.770000000000000284e+01	-7.664629854675950864e-09
-1.740000000000000568e+01	-3.680007026548253080e-07
-1.710000000000000853e+01	2.494082757912176556e-07
-1.680000000000000426e+01	8.960437438884433762e-08
-1.650000000000000355e+01	2.706870354003828276e-07
-1.620000000000000284e+01	-7.142899068426920114e-08
-1.590000000000000568e+01	2.930146724117170482e-07
-1.560000000000000142e+01	4.754363445577930600e-07
-1.530000000000000249e+01	-5.001817626721989763e-08
-1.500000000000000355e+01	-1.049352166458273602e-08
-1.470000000000000462e+01	2.504738578628259899e-07
-1.440000000000000568e+01	1.880136921198860917e-08
-1.410000000000000675e+01	-7.864751794560021135e-08
-1.380000000000000782e+01	-4.149460989383231145e-07
-1.350000000000000711e+01	2.885054666948317390e-08
-1.320000000000000995e+01	7.831500710444322127e-08
-1.289999999999999858e+01	-2.717322201914126956e-08
-1.259999999999999964e+01	1.906792298465380350e-07
-1.230000000000000071e+01	1.869410765032506138e-07
-1.200000000000000178e+01	1.908796858798108937e-07
-1.170000000000000284e+01	4.140964466990471669e-08
-1.140000000000000568e+01	1.340270139097406563e-07
-1.110000000000000497e+01	1.079450464015567337e-07
-1.080000000000000782e+01	-3.117490471073223100e-07
-1.050000000000000888e+01	1.969366231799134185e-07
-1.020000000000000995e+01	-1.210003610036414716e-07
-9.900000000000011013e+00	-5.016394648790690024e-08
-9.599999999999999645e+00	3.714362377233209970e-08
-9.300000000000000711e+00	5.958530971628093573e-07
-9.000000000000001776e+00	3.242341170463333551e-08
-8.700000000000002842e+00	5.242329698924282486e-08
-8.400000000000003908e+00	6.029430863887699072e-07
-8.100000000000004974e+00	-4.317158286692288309e-07
-7.800000000000006040e+00	-1.594742039792271933e-07
-7.500000000000007105e+00	2.122073286269145888e-08
-7.200000000000008171e+00	1.385043928353781973e-07
-6.900000000000009237e+00	5.287643312761498855e-09
-6.599999999999998757e+00	1.410475468785582969e-07
-6.300000000000000711e+00	5.279748158468549960e-08
-6.000000000000001776e+00	-1.127327805015158239e-07
-5.700000000000002842e+00	6.302073928160122108e-07
-5.400000000000003908e+00	2.746847265551709234e-07
-5.100000000000004086e+00	5.338953023734313105e-08
-4.800000000000006040e+00	6.216247094966718366e-08
-4.500000000000006217e+00	3.651394565377938025e-07
-4.200000000000008171e+00	5.986549098243618427e-08
-3.900000000000009237e+00	-3.170759024336099714e-07
-3.600000000000009415e+00	1.394402060012361811e-07
-3.299999999999998934e+00	2.351797658786097136e-07
-3.000000000000000888e+00	-1.613453027950662089e-07
-2.700000000000001066e+00	4.128270676602782491e-07
-2.400000000000003020e+00	3.438928753971277090e-08
-2.100000000000004086e+00	-3.369279074340243190e-08
-1.800000000000005151e+00	2.091213607462666248e-08
-1.500000000000006217e+00	2.775294438413887056e-07
-1.200000000000006395e+00	1.690159111630152007e-07
-9.000000000000074607e-01	2.227013778073743563e-07
-6.000000000000103029e-01	-5.598613922272934883e-08
-3.000000000000113687e-01	-8.460545809944601168e-08
0.000000000000000000e+00	7.358976605205006878e-07
2.999999999999989342e-01	3.610578903585573060e-07
5.999999999999996447e-01	-2.491717728396808298e-07
8.999999999999968026e-01	-1.281019555788966409e-08
1.199999999999993960e+00	-1.470626345857494953e-08
1.499999999999994671e+00	-2.354022017400922918e-08
1.799999999999993605e+00	4.314017808837679291e-07
2.099999999999992539e+00	1.660132907909386259e-07
2.399999999999991473e+00	4.122524270315626893e-07
2.699999999999990408e+00	-1.004372646009855522e-08
2.999999999999989342e+00	-2.107621109624675438e-07
3.300000000000000711e+00	2.195800663629651184e-07
3.599999999999999645e+00	-3.508789439953125563e-08
3.899999999999996803e+00	1.567188127148537949e-07
4.199999999999995737e+00	1.808378936445948291e-07
4.499999999999994671e+00	6.707065450821567322e-08
4.799999999999993605e+00	1.520450220443340052e-07
5.099999999999994316e+00	8.623548215948056013e-08
5.399999999999991473e+00	9.950320982138426499e-08
5.699999999999993960e+00	2.104566792696649462e-07
5.999999999999989342e+00	1.808306842609420304e-07
6.300000000000002487e+00	-2.225362653378627650e-07
6.599999999999999645e+00	2.429330184006273750e-07
6.899999999999996803e+00	1.357034593669541859e-07
7.200000000000001066e+00	1.961402500442179935e-07
7.499999999999994671e+00	-3.106711563319165041e-07
7.799999999999995381e+00	2.685217585637846495e-07
8.099999999999992539e+00	8.757326242363840357e-08
8.399999999999989697e+00	-2.353747709144865363e-07
8.699999999999993960e+00	1.921617252996288049e-07
8.999999999999987566e+00	6.126463892695559804e-08
9.299999999999988276e+00	-5.853281003842302691e-08
9.599999999999999645e+00	-1.365578592491233109e-07
9.899999999999996803e+00	-2.322712191712708059e-07
1.020000000000000107e+01	-4.833487310360491923e-08
1.049999999999999467e+01	3.727319925559417662e-07
1.079999999999999538e+01	-6.955806770705588037e-08
1.109999999999999609e+01	2.564509644268707238e-07
1.139999999999998970e+01	7.889632960093450866e-08
1.169999999999999396e+01	2.066297274204101461e-07
1.199999999999999112e+01	3.160382787034844374e-07
1.229999999999998828e+01	-3.954909617160639007e-08
1.260000000000000320e+01	-2.930976682430369485e-07
1.289999999999999680e+01	3.536587768286550971e-07
1.320000000000000107e+01	-1.214288797344185730e-07
1.349999999999999822e+01	5.142798003245538945e-07
1.379999999999999538e+01	-1.403185199364975229e-07
1.409999999999999609e+01	4.445131880074439093e-07
1.439999999999998970e+01	1.613486437289540925e-07
1.469999999999999396e+01	-3.410442896611449984e-08
1.499999999999999112e+01	7.194718711414211575e-08
1.529999999999998828e+01	-3.327869077993085509e-08
1.559999999999998899e+01	7.077153006285935141e-09
1.589999999999999680e+01	-3.065684895175986429e-07
1.620000000000000284e+01	3.032192912143108305e-07
1.650000000000000000e+01	-1.722212734704984813e-07
1.679999999999999716e+01	1.771881871300233706e-07
1.709999999999999432e+01	-3.957599948133512078e-08
1.739999999999999147e+01	3.126604187042110455e-07
1.769999999999999574e+01	2.656575231901165706e-07
1.799999999999999289e+01	1.510801955052391317e-07
1.829999999999999716e+01	8.011155034299474741e-08
1.859999999999998721e+01	5.602464788175282483e-08
1.889999999999999147e+01	-1.426315012186652274e-07
1.920000000000000284e+01	9.204255277249471148e-08
1.950000000000000000e+01	2.701382430496419951e-07
1.979999999999999716e+01	-1.999731804067458610e-07
2.009999999999999432e+01	1.520726287085654424e-07
2.039999999999999147e+01	1.709529494634834412e-07
2.069999999999999574e+01	9.818406845154831046e-08
2.099999999999999289e+01	3.526250215482944649e-08
2.129999999999999005e+01	1.215554835449067082e-07
2.159999999999998721e+01	2.152213785096602406e-07
2.189999999999999147e+01	3.872377999812438637e-07
2.219999999999998863e+01	-2.491072400640570574e-07
2.250000000000000000e+01	-1.280309167741227365e-07
2.279999999999999716e+01	-2.342975834935835096e-07
2.310000000000000142e+01	8.351631365199682369e-08
2.340000000000000568e+01	7.916342847333927880e-08
2.369999999999999574e+01	5.934905293882005226e-08
2.399999999999999289e+01	7.579049195558495759e-08
2.429999999999999005e+01	-1.049802313340008888e-07
2.459999999999999432e+01	1.685907333661259564e-07
2.489999999999999858e+01	-3.137205497784233967e-07
2.519999999999998863e+01	2.300245290509836895e-07
2.550000000000000000e+01	-2.026264094296003725e-07
2.579999999999999716e+01	3.590522749940747097e-07
2.610000000000000142e+01	4.199096716639601731e-08
2.640000000000000568e+01	-3.709860908415855127e-08
2.669999999999999574e+01	-1.062249929651750752e-07
2.699999999999999289e+01	2.036768693794004096e-07
2.729999999999999005e+01	-1.585278404958285006e-07
2.759999999999999432e+01	5.137776052096176585e-08
2.789999999999999858e+01	2.679698011177815752e-07
2.819999999999999574e+01	-2.592088174320036377e-07
2.849999999999998579e+01	6.326058316702594634e-08
2.879999999999999716e+01	2.553066066509586880e-07
2.910000000000000142e+01	-3.808664632184287562e-09
2.940000000000000568e+01	-2.378375667057318532e-08
2.970000000000000284e+01	-1.440568491184106125e-07
2.999999999999999289e+01	6.555615642525149318e-09
3.029999999999999005e+01	6.912269126987727715e-08
3.059999999999999432e+01	1.526031338422358153e-07
3.089999999999999858e+01	1.486573150820227367e-07
3.119999999999999574e+01	-4.318023412730623097e-07
3.149999999999998579e+01	2.687478870364064613e-07
3.179999999999999716e+01	2.051310548137570160e-07
3.210000000000000142e+01	1.053477340616677963e-07
3.240000000000000568e+01	2.222529893118955950e-07
3.270000000000000284e+01	8.511275253452689404e-08
3.299999999999999289e+01	-7.589441258336063367e-08
3.329999999999999005e+01	-1.444338471318628887e-09
3.359999999999999432e+01	9.862331333849182877e-08
3.389999999999999858e+01	3.429667333556819599e-07
3.419999999999999574e+01	-1.817624531384094572e-07
3.449999999999999289e+01	3.150110294522738115e-07
3.479999999999998295e+01	3.028820327302605440e-07
3.510000000000000142e+01	-2.198737168678473024e-07
3.540000000000000568e+01	2.764584107723843882e-07
3.570000000000000284e+01	-2.322258528058459141e-07
3.600000000000000000e+01	4.123222349659568823e-07
3.629999999999999005e+01	-1.862252374581157059e-07
3.659999999999999432e+01	8.707739749922657168e-08
3.689999999999999858e+01	-7.550405083435557227e-08
3.719999999999999574e+01	8.109448826053449158e-08
3.749999999999999289e+01	-3.250626686505279380e-07
3.779999999999999716e+01	1.103600140866176303e-07
3.810000000000000142e+01	-3.325125995432512600e-08
3.840000000000000568e+01	-7.327916470365254684e-08
3.870000000000000284e+01	3.725109634034646008e-07
3.900000000000000000e+01	1.807262361172893228e-07
3.929999999999999005e+01	-1.283170062181007323e-07
3.959999999999999432e+01	8.453828774443704223e-08
3.989999999999999858e+01	8.090792347869019891e-08
4.019999999999999574e+01	-1.579530240284872725e-07
4.049999999999999289e+01	-1.417201296217764389e-07
4.079999999999999005e+01	1.164639002997761148e-07
4.109999999999999432e+01	2.216270038044820826e-08
4.139999999999999147e+01	1.517671970157628447e-07
4.169999999999998863e+01	3.041547527029175041e-07
4.199999999999998579e+01	4.088940851197396471e-07
4.229999999999998295e+01	-3.487319543757847451e-08
4.259999999999999432e+01	1.889997951326879850e-07
4.289999999999998437e+01	2.638810255548923065e-07
4.320000000000000995e+01	5.034029504559932275e-07
4.350000000000000711e+01	4.463554492886717829e-07
4.379999999999999716e+01	1.292612596379912990e-07
4.410000000000000142e+01	1.940973568910916458e-07
4.440000000000000568e+01	5.898882993025621479e-07
4.470000000000000284e+01	2.752978758429099658e-07
4.500000000000000000e+01	-3.665901251996368967e-08
4.529999999999999716e+01	2.524494048223177130e-07
4.559999999999999432e+01	-8.835363424439715660e-09
4.589999999999999858e+01	-3.789199296321744257e-08
4.619999999999999574e+01	-1.063913363050663978e-07
4.649999999999999289e+01	-2.146736411906734445e-07
4.679999999999999005e+01	5.580924556529734126e-07
4.709999999999999432e+01	2.272547190193046937e-07
4.739999999999999147e+01	7.380843896694316202e-08
4.769999999999998863e+01	3.663697994016624179e-07
4.799999999999998579e+01	2.616172790879144088e-07
4.829999999999998295e+01	2.319260479490649943e-07
4.859999999999998721e+01	-8.972412049293101074e-08
4.889999999999999147e+01	2.533122449585193944e-07
4.919999999999998153e+01	5.275950044153904846e-08
4.950000000000001421e+01	2.553845031621339486e-08
4.980000000000000426e+01	3.787643124484494273e-07
5.009999999999999432e+01	1.397129317096626688e-07
5.040000000000000568e+01	-1.127862354437219090e-07
5.069999999999999574e+01	3.715628415338091719e-07
5.100000000000000000e+01	1.228508867002761539e-07
