# distance_x[ps] 	  Amplitude [V]
-2.159999999999999432e+01	-1.673385865126733030e-07
-2.129999999999999005e+01	-9.071250940786673794e-08
-2.100000000000000000e+01	5.449719049207620967e-07
-2.069999999999998863e+01	3.640023081455345390e-07
-2.039999999999999858e+01	2.629051211823798118e-08
-2.010000000000000853e+01	-2.310554709133335356e-07
-1.979999999999999005e+01	1.064532315013050393e-07
-1.949999999999998579e+01	1.930409184280185413e-07
-1.919999999999998863e+01	-2.662346255595915930e-07
-1.889999999999999147e+01	-9.090311847810164050e-08
-1.859999999999999432e+01	-4.558018519373423655e-07
-1.829999999999999716e+01	4.848681526005323769e-07
-1.800000000000000000e+01	9.551870656352202220e-08
-1.769999999999999574e+01	4.515184230158276769e-08
-1.739999999999999858e+01	1.454767460207600411e-07
-1.710000000000000142e+01	-2.139488343756289487e-07
-1.680000000000000426e+01	2.333072603537652984e-07
-1.649999999999999289e+01	-1.437621435817743920e-07
-1.619999999999998863e+01	-2.660703922832083698e-07
-1.589999999999999147e+01	1.943962825547441446e-07
-1.559999999999999432e+01	2.252149909614405613e-07
-1.529999999999999716e+01	-1.639612540292769955e-07
-1.500000000000000000e+01	-4.839536159083814790e-08
-1.469999999999999574e+01	-4.183517414404536383e-08
-1.439999999999999147e+01	-1.239092593882316895e-07
-1.409999999999999432e+01	5.927678326366640998e-08
-1.379999999999999716e+01	-2.491264064742559381e-08
-1.350000000000000000e+01	8.424727481894004202e-08
-1.319999999999999574e+01	6.927918764673063044e-08
-1.289999999999999147e+01	-6.998201463356531399e-09
-1.259999999999999432e+01	-1.664822524056218793e-08
-1.229999999999999716e+01	-7.036973880318527097e-08
-1.200000000000000000e+01	3.342797777313144274e-08
-1.169999999999999574e+01	-4.575305214663821959e-07
-1.139999999999999147e+01	1.390693623396813900e-07
-1.110000000000000142e+01	-2.269368027840790091e-07
-1.079999999999999716e+01	2.455598716296301806e-07
-1.050000000000000000e+01	1.513302380309531802e-08
-1.019999999999999574e+01	-4.886643326902935510e-08
-9.899999999999991473e+00	-1.498760525965965539e-07
-9.599999999999994316e+00	8.016711534870901128e-08
-9.299999999999997158e+00	2.891595863823537067e-08
-9.000000000000000000e+00	-1.532132938733383108e-07
-8.699999999999995737e+00	5.084734330660424827e-07
-8.399999999999991473e+00	-5.170290372370285836e-07
-8.099999999999994316e+00	-1.646041200447556010e-07
-7.800000000000004263e+00	-2.038676542882609805e-07
-7.500000000000000000e+00	1.731781872714378827e-07
-7.199999999999995737e+00	1.501885178344262819e-07
-6.899999999999991473e+00	9.500736784005055641e-09
-6.599999999999994316e+00	2.844435944416713531e-08
-6.299999999999997158e+00	1.518568747148586182e-07
-6.000000000000000000e+00	1.108697702624579752e-07
-5.699999999999995737e+00	8.799298922313163836e-08
-5.399999999999991473e+00	-7.523167680318044773e-08
-5.099999999999994316e+00	-2.713991818343785417e-07
-4.800000000000004263e+00	2.866271584953399247e-07
-4.500000000000000000e+00	-3.995820231810870298e-07
-4.199999999999995737e+00	2.224495768954034856e-07
-3.899999999999991473e+00	2.007187361796203319e-07
-3.599999999999994316e+00	-3.985259363952652356e-08
-3.299999999999997158e+00	-1.200937370496459399e-07
-3.000000000000000000e+00	4.384413044241587026e-08
-2.699999999999995737e+00	1.152043682240450208e-07
-2.399999999999991473e+00	-2.109933387552340284e-07
-2.099999999999994316e+00	1.014277635794293524e-07
-1.799999999999997158e+00	-1.394518113505309264e-07
-1.500000000000000000e+00	-8.334346428295541542e-08
-1.199999999999995737e+00	-1.608316781694609224e-07
-8.999999999999914735e-01	-2.751735579345556249e-07
-5.999999999999943157e-01	-9.260576389054118114e-08
-2.999999999999971578e-01	1.215625170899338386e-07
0.000000000000000000e+00	7.252854477835853151e-07
3.000000000000042633e-01	1.272936254166550744e-07
6.000000000000085265e-01	-3.329407665967768924e-07
9.000000000000056843e-01	2.487068555133883452e-07
1.200000000000002842e+00	2.125057267746900296e-07
1.500000000000000000e+00	1.059373209735659321e-07
1.799999999999997158e+00	1.604557351877614849e-07
2.100000000000008527e+00	-2.733891475611758622e-07
2.400000000000005684e+00	6.451079579559612898e-08
2.700000000000002842e+00	-1.916699046636075829e-07
3.000000000000000000e+00	2.496653518619588410e-07
3.300000000000004263e+00	-4.812580097767384904e-08
3.600000000000008527e+00	-3.324155366218768342e-07
3.900000000000005684e+00	-3.960729875670579144e-08
4.200000000000002842e+00	-1.771925830956653436e-07
4.500000000000000000e+00	-8.238725383651874025e-08
4.799999999999997158e+00	-9.973531680727913095e-08
5.100000000000008527e+00	2.834787679025763076e-07
5.400000000000005684e+00	-6.236591623957654954e-08
5.700000000000002842e+00	1.066928995481040671e-07
6.000000000000000000e+00	-7.365985532824529402e-08
6.299999999999997158e+00	1.399942735107473813e-07
6.600000000000008527e+00	3.599179285482871903e-07
6.900000000000005684e+00	1.985059829140890501e-08
7.200000000000002842e+00	1.010240380948727962e-07
7.500000000000003553e+00	3.270914947136000249e-07
7.799999999999997158e+00	1.382524160847816847e-07
8.100000000000008527e+00	2.857882324122304601e-07
8.400000000000005684e+00	9.266097721900405540e-08
8.700000000000002842e+00	-1.189456866625946441e-07
9.000000000000003553e+00	-5.801197602916495495e-08
9.300000000000000711e+00	5.526080489180775541e-09
9.600000000000008527e+00	3.587776150607657512e-08
9.900000000000005684e+00	4.166339739062057210e-07
1.020000000000000284e+01	1.241953488322096852e-07
1.050000000000000355e+01	-1.853792778299791110e-07
1.080000000000000071e+01	-2.009439854591137755e-07
1.110000000000000142e+01	-6.107227147046404523e-09
1.140000000000000568e+01	-4.341074098170744891e-07
1.170000000000000284e+01	-1.451468727589881951e-07
1.200000000000000711e+01	4.976004516472466249e-08
1.230000000000000071e+01	-1.979631690766212387e-07
1.260000000000000142e+01	-1.421453074186656833e-07
1.290000000000000568e+01	-2.378447760893846122e-07
1.320000000000000284e+01	-9.371671232757443362e-08
1.350000000000000711e+01	8.190914861330042252e-09
1.380000000000000071e+01	-1.921450206301894133e-07
1.410000000000000142e+01	5.497981476797448547e-08
1.440000000000000213e+01	2.459776642042409579e-07
1.470000000000000284e+01	2.008587037256600016e-07
1.500000000000000711e+01	-2.925539752124407624e-07
1.530000000000000071e+01	2.907270118916469337e-07
1.560000000000000142e+01	-1.940642992294641859e-08
1.590000000000000213e+01	-1.439047487071992190e-07
1.620000000000000284e+01	-2.037141471680441344e-07
1.650000000000000711e+01	-6.063496080840285874e-08
1.680000000000000071e+01	1.596885512639286179e-07
1.710000000000000142e+01	-8.793900676504850861e-08
1.740000000000000213e+01	5.963004306265342145e-08
1.770000000000000284e+01	8.048309735905227804e-08
1.800000000000000711e+01	-8.578990708201263109e-09
1.830000000000000426e+01	-2.130854667235502358e-07
1.860000000000000142e+01	-6.763456898076483276e-09
1.890000000000000213e+01	3.224528717682158077e-07
1.920000000000000284e+01	-7.617118258017770478e-08
1.950000000000000711e+01	1.420144834811612963e-07
1.980000000000000426e+01	-8.002398270740715279e-08
2.010000000000000142e+01	-1.217119799217600747e-07
2.040000000000000213e+01	1.287189733164005125e-07
2.070000000000000284e+01	1.202759058658483389e-07
2.100000000000000711e+01	-4.530025010165494750e-08
2.130000000000000426e+01	6.614380911226721116e-08
2.160000000000000142e+01	2.801056555461962783e-07
2.190000000000000213e+01	3.037014407259198177e-07
2.220000000000000284e+01	8.292989183536088993e-08
2.250000000000000711e+01	-6.149621839697344576e-08
2.280000000000000426e+01	1.280367194487701357e-07
2.310000000000000142e+01	1.500620898625638151e-07
2.340000000000000213e+01	-1.194148241159034202e-07
2.370000000000000284e+01	-4.681562737774747185e-07
2.400000000000000000e+01	1.093897365501267076e-07
2.430000000000000426e+01	-1.303962979667424367e-07
2.460000000000000142e+01	1.199215910351072446e-07
2.490000000000000213e+01	3.009954601153618680e-07
2.520000000000000284e+01	-6.240864502561630377e-09
2.550000000000000000e+01	2.782829123524187544e-07
2.580000000000000426e+01	-1.822208644355518430e-07
2.610000000000000142e+01	-9.451343714052119531e-08
2.640000000000000568e+01	6.266185264659253441e-09
2.670000000000000284e+01	1.065538111951928317e-07
2.700000000000000000e+01	-1.623906634247216260e-07
2.730000000000000426e+01	3.751112649999900720e-08
2.760000000000000142e+01	-5.425729385506378391e-08
2.790000000000000568e+01	1.351729542332838130e-07
2.820000000000000284e+01	6.118832496341135909e-08
2.850000000000000000e+01	2.175646040354445131e-07
2.880000000000000426e+01	-2.903232864070903643e-07
2.910000000000000497e+01	-6.048321207444280192e-09
2.940000000000000568e+01	4.055547337794897907e-07
2.970000000000000284e+01	2.926236073082091811e-07
3.000000000000000000e+01	2.387142980933621139e-07
3.030000000000000071e+01	-1.378008624940407081e-07
3.060000000000000497e+01	3.198117756105330333e-08
3.090000000000000568e+01	2.338861211094970835e-07
3.120000000000000284e+01	2.808870823987090744e-07
3.150000000000000000e+01	4.579212348926386205e-07
3.180000000000000782e+01	-3.501924700006657159e-07
3.210000000000000853e+01	-1.521542178308800225e-07
3.240000000000000568e+01	-6.569670423875589747e-07
3.270000000000000284e+01	2.331268499238196886e-07
3.300000000000000000e+01	3.516244997681867889e-09
3.329999999999999716e+01	3.893802177965039938e-07
3.360000000000000142e+01	-1.007154413068080097e-07
3.389999999999999858e+01	3.529876007944423811e-07
3.419999999999999574e+01	6.543975125505271692e-08
3.450000000000000711e+01	-3.963432515347249130e-07
3.480000000000000426e+01	1.114037921686419001e-07
3.510000000000000853e+01	-6.484330663675311906e-08
3.540000000000000568e+01	4.441929858700844172e-08
3.570000000000000284e+01	2.060673954954920578e-07
3.600000000000000000e+01	-2.659916165789047212e-07
3.630000000000000426e+01	-7.812158461619747648e-09
3.660000000000000142e+01	-5.845034172298006542e-08
3.689999999999999858e+01	-2.823388060923061919e-07
3.719999999999999574e+01	-4.345324117753380916e-07
3.750000000000000000e+01	1.173246303724696836e-07
3.780000000000001137e+01	-1.137651290728710300e-07
3.810000000000000853e+01	-1.030405554541474909e-07
3.840000000000000568e+01	1.596723741103662577e-07
3.870000000000000284e+01	2.618678491295054953e-07
3.900000000000000000e+01	-1.052253503781959526e-07
3.930000000000000426e+01	4.821303451987267118e-07
3.960000000000000142e+01	3.798905588459166322e-08
3.989999999999999858e+01	-8.559964968902911152e-08
4.019999999999999574e+01	-5.294900172843217171e-07
4.050000000000000000e+01	2.849733962208388277e-07
4.080000000000001137e+01	-7.872840371341206519e-08
4.110000000000000853e+01	1.229177053780337470e-07
4.140000000000000568e+01	-4.659477406389597878e-08
4.170000000000000284e+01	-2.106766533903880751e-07
4.200000000000000711e+01	4.059535357825273292e-07
4.230000000000000426e+01	4.139988562617960272e-07
4.260000000000000142e+01	-3.075857159671455120e-08
4.289999999999999858e+01	5.313692046769419524e-07
4.320000000000000284e+01	-2.840105039066264118e-07
4.350000000000000000e+01	1.415699634354474501e-07
4.379999999999999716e+01	1.721811822638438844e-08
4.410000000000000853e+01	2.646016122429205240e-07
4.440000000000000568e+01	-8.441045306356918902e-08
4.470000000000000284e+01	-3.561087364002259242e-07
4.500000000000000711e+01	1.218327810576008372e-07
4.530000000000000426e+01	-2.319496103249058480e-07
4.560000000000000142e+01	2.915953030252445982e-07
4.589999999999999858e+01	1.533006856703002106e-07
4.620000000000000284e+01	1.970642820221555902e-07
4.650000000000000000e+01	-4.491799451329365950e-07
4.679999999999999716e+01	-3.219091787376196216e-07
4.709999999999999432e+01	8.648288710580944460e-08
4.740000000000000568e+01	2.521772066297683163e-08
4.770000000000000284e+01	-2.955003272243003669e-08
4.800000000000000711e+01	2.082307381072078578e-07
4.830000000000000426e+01	8.962019986515534790e-08
4.860000000000000142e+01	1.534638639149293444e-07
4.890000000000000568e+01	-4.680419786707839887e-08
4.920000000000000284e+01	-2.021803068362554319e-07
4.950000000000000000e+01	2.532721537518648439e-07
4.979999999999999716e+01	1.240251370425534475e-07
5.009999999999999432e+01	-2.082448051972620656e-07
5.039999999999999858e+01	3.213946749188859670e-07
5.070000000000000995e+01	1.818711214090784430e-07
5.100000000000000711e+01	-2.232281903299054560e-07
5.130000000000000426e+01	3.006344634168450330e-07
5.160000000000000142e+01	7.858790865149539052e-08
5.190000000000000568e+01	1.274390439600907271e-08
5.220000000000000284e+01	-2.645205506364830283e-07
5.250000000000000000e+01	2.622622551669011666e-07
5.279999999999999716e+01	-4.860197197600971584e-08
5.310000000000000142e+01	-5.079543574430410808e-07
5.339999999999999858e+01	3.716233300210423609e-07
5.370000000000000995e+01	5.267439454671091639e-08
5.400000000000000711e+01	-2.413471298356379605e-07
5.430000000000000426e+01	2.149410917403295910e-07
5.460000000000000853e+01	1.559328140580733839e-07
5.490000000000000568e+01	2.194330652718983713e-07
5.520000000000000284e+01	-1.783627891495520273e-07
5.550000000000000000e+01	2.908230197812670319e-08
5.579999999999999716e+01	1.092163596652082811e-07
5.610000000000000142e+01	2.132504033544361323e-07
5.639999999999999147e+01	1.928974341094653462e-07
5.669999999999999574e+01	-5.938773743646920320e-08
5.700000000000000711e+01	-1.545799116721072697e-07
5.730000000000000426e+01	-2.271852627621619102e-08
5.760000000000000853e+01	-3.097814128859860854e-07
5.790000000000000568e+01	-1.291766812590402249e-07
5.820000000000000284e+01	1.838647797470149574e-07
5.850000000000000000e+01	-5.718833032262689439e-07
5.879999999999999716e+01	2.526539051439811551e-07
5.910000000000000142e+01	4.017657630733813889e-07
5.939999999999999858e+01	-1.199528903104779285e-07
5.969999999999999574e+01	-1.759237315727732721e-07
6.000000000000001421e+01	-1.723447121857244012e-08
6.030000000000000426e+01	-1.821482430831468773e-07
6.060000000000000853e+01	-6.158554441881782960e-08
6.090000000000000568e+01	-6.593350611595638322e-08
6.120000000000000284e+01	-2.701567061053381694e-08
6.150000000000000000e+01	2.123938934087588815e-07
6.179999999999999716e+01	3.410513232061720626e-08
6.210000000000000142e+01	-1.327804938923097072e-07
6.239999999999999858e+01	6.356935579371640115e-08
6.269999999999999574e+01	1.347481281136459054e-07
6.300000000000000000e+01	3.777952657823381962e-07
6.330000000000000426e+01	-6.298117559082369141e-08
6.360000000000000853e+01	-1.737255729131733156e-07
6.390000000000000568e+01	9.295357269213212356e-09
6.420000000000000284e+01	-1.014523809870242823e-07
6.450000000000000000e+01	-2.299803935559385290e-07
6.479999999999999716e+01	8.904942768620472962e-08
6.509999999999999432e+01	-3.423270324354656227e-07
6.540000000000000568e+01	7.052781772766974513e-08
6.570000000000000284e+01	-3.994385388625337156e-08
6.600000000000000000e+01	4.054680453370305510e-08
6.629999999999999716e+01	-1.495859188642279549e-09
6.660000000000000853e+01	2.974765775382947964e-07
6.690000000000000568e+01	-2.587423175580800321e-07
6.720000000000000284e+01	-1.390952106176560644e-07
6.750000000000000000e+01	1.122427182517513647e-07
6.779999999999999716e+01	-2.147587470855015700e-08
6.809999999999999432e+01	-1.532215582887451724e-07
6.840000000000000568e+01	-4.461833032741330612e-07
6.870000000000000284e+01	4.233881113571212251e-07
6.900000000000000000e+01	-1.250481661667477422e-07
6.929999999999999716e+01	4.025860502621690704e-08
6.959999999999999432e+01	1.596437124143807047e-07
6.990000000000000568e+01	7.372210220173525897e-08
7.020000000000000284e+01	2.919893573853888799e-07
7.050000000000000000e+01	6.703671765345979227e-08
7.080000000000001137e+01	1.260773496428407727e-07
7.109999999999999432e+01	5.917708276290701875e-08
7.140000000000000568e+01	1.675228653923837750e-07
7.169999999999998863e+01	-2.194905645024950993e-08
7.200000000000000000e+01	-1.519597403108799931e-09
7.230000000000001137e+01	1.228551068272923792e-07
7.259999999999999432e+01	1.843316312981898864e-08
7.290000000000000568e+01	1.081859453187355061e-07
7.320000000000000284e+01	-4.813485666689626320e-07
7.350000000000000000e+01	-1.454192467901633726e-07
7.380000000000001137e+01	3.255432356145056984e-07
7.409999999999999432e+01	-4.324487240610544671e-08
7.440000000000000568e+01	-1.100936185687155202e-07
7.469999999999998863e+01	-1.020407370285426868e-07
7.500000000000000000e+01	-1.223557251303670218e-07
7.530000000000001137e+01	7.270751333157353395e-08
7.559999999999999432e+01	-8.480186984432828688e-08
7.589999999999999147e+01	-3.270552719567103365e-07
7.620000000000000284e+01	1.201021773036784963e-07
7.650000000000000000e+01	-2.253669155340263129e-07
7.680000000000001137e+01	-1.084548025773970654e-07
7.710000000000000853e+01	4.859267011271136602e-07
7.740000000000000568e+01	9.199929647057794564e-08
7.769999999999998863e+01	-1.088636273820982944e-07
7.800000000000000000e+01	3.978957307608354912e-07
7.830000000000001137e+01	-2.288189794333357385e-07
7.859999999999999432e+01	-5.963109809440747116e-08
7.889999999999999147e+01	-2.152400174039820633e-07
7.920000000000000284e+01	-1.101623714713556238e-07
7.950000000000000000e+01	3.343272541602474582e-07
7.980000000000001137e+01	-2.973065415872642536e-07
8.010000000000000853e+01	-1.693048140250040750e-07
8.040000000000000568e+01	1.773489036338930153e-07
8.069999999999998863e+01	-2.073680738096318182e-07
8.100000000000000000e+01	4.235419701545894872e-07
8.130000000000001137e+01	1.313321111326006124e-08
8.159999999999999432e+01	-2.448507144522710400e-07
8.190000000000000568e+01	-1.254330769183567412e-07
8.219999999999998863e+01	-2.310581084927186930e-07
8.250000000000000000e+01	3.138770461552767897e-07
8.280000000000001137e+01	2.899367931078501915e-08
8.310000000000000853e+01	2.781594736371928080e-07
8.340000000000000568e+01	1.457069187817724892e-07
8.369999999999998863e+01	-4.877315087810721141e-07
8.400000000000000000e+01	-7.017701966944224252e-08
8.430000000000001137e+01	-2.543729035486088036e-07
8.459999999999999432e+01	-2.039543427307202070e-07
8.490000000000000568e+01	-2.667498327328279738e-07
8.520000000000000284e+01	-2.227047187412622135e-07
8.550000000000000000e+01	5.550105320607160254e-07
8.580000000000001137e+01	3.130400542970497827e-07
8.610000000000000853e+01	2.682418234717053631e-08
8.640000000000000568e+01	-2.656042440865366965e-09
8.669999999999998863e+01	-1.981892975492430769e-07
8.700000000000000000e+01	-6.479635772369711969e-08
8.730000000000001137e+01	-2.394201143368333444e-08
8.759999999999999432e+01	-6.259890241859983658e-08
8.790000000000000568e+01	7.129623252188235666e-08
8.819999999999998863e+01	-2.059668158016041065e-08
8.850000000000000000e+01	1.143717723314599471e-07
8.879999999999999716e+01	-1.514473465556546761e-07
8.909999999999999432e+01	3.429732393848320986e-08
8.939999999999999147e+01	-1.794626597531676189e-07
8.969999999999998863e+01	2.663603501769508968e-09
9.000000000000000000e+01	2.120942643906036300e-07
9.029999999999998295e+01	9.591311260091765379e-08
9.060000000000002274e+01	-1.103389134515362656e-07
9.090000000000000568e+01	2.283292688608226688e-07
9.120000000000000284e+01	-1.074409170617380601e-08
9.150000000000000000e+01	4.736751448830027350e-07
9.180000000000001137e+01	-2.024943546217162278e-07
9.210000000000000853e+01	-1.551121751920344054e-07
9.240000000000000568e+01	3.380363941302980957e-07
9.270000000000000284e+01	-2.452431862647842008e-07
9.300000000000000000e+01	3.628700832347943064e-07
9.330000000000001137e+01	-1.576361628250156243e-07
9.359999999999999432e+01	-2.819431691845308423e-07
9.390000000000000568e+01	1.694685197855102403e-07
9.419999999999998863e+01	-3.489888546079002225e-07
9.450000000000000000e+01	-1.263259854595493488e-07
9.479999999999999716e+01	-1.666899178225473513e-07
9.509999999999999432e+01	-1.280896468750991628e-07
9.539999999999999147e+01	3.065329701152117337e-07
9.569999999999998863e+01	3.309124680495818105e-08
9.600000000000000000e+01	1.038395661692280601e-07
9.629999999999999716e+01	-3.713718807863229327e-07
9.659999999999999432e+01	-6.890342050365687452e-08
9.690000000000001990e+01	2.188172784047741979e-07
9.720000000000001705e+01	-4.362858745505984805e-07
9.750000000000000000e+01	-3.135519205363983064e-08
9.780000000000001137e+01	9.507770329032171468e-08
9.809999999999999432e+01	-5.548482330092153392e-08
9.840000000000000568e+01	-9.402618830876758823e-09
